test_type,stage,elapsed_s,rough_index,local_index,pax_sample,rp_out1_v,rp_out2_v,pid_output_v,pid_integrator_v,pid_setpoint_v,pid_p,pid_i_hz,pd_mean_v,pd_std_v,pd_min_v,pd_max_v,pd_sample_count,pd_target_v,pd_error_v,local_pd_slope_v_per_rp_v,outer_u_error_rad,outer_pd_setpoint_delta_v,theta,eta,s1,s2,s3,u,v,pax_ptotal
phi1-pd-lock,pax-rough,0.8319435460016393,0,,1,0.0,0.0,nan,nan,nan,nan,nan,0.06083584576845169,0.0028102539837676957,0.053955078125,0.0662841796875,16384,nan,nan,nan,nan,nan,0.7921404616642915,0.2122543184521138,-0.012287347841117593,0.9111583759626933,0.4118730811743572,0.42454276160804083,1.583083983845434,nan
phi1-pd-lock,pax-rough,1.658930171000975,1,,1,0.09037037037037036,0.0,nan,nan,nan,nan,nan,0.0397593155503273,0.0012306881715329655,0.0362548828125,0.044677734375,16384,nan,nan,nan,nan,nan,0.6704280904418822,0.6365689150873035,0.06684472032962432,0.28556329156610555,0.9560258311750712,1.2805341789372484,1.5039017266582726,nan
phi1-pd-lock,pax-rough,2.4857315170011134,2,,1,0.18074074074074073,0.0,nan,nan,nan,nan,nan,0.015493258833885193,0.0009523922732014934,0.01220703125,0.01904296875,16384,nan,nan,nan,nan,nan,-0.6186721437910734,0.6005716681357066,0.11825331434721723,-0.3413912402622043,0.9324527734518956,1.9217606974225596,1.4522656575285688,nan
phi1-pd-lock,pax-rough,3.3189389130002382,3,,1,0.2711111111111111,0.0,nan,nan,nan,nan,nan,0.01190737634897232,0.000927300300049263,0.009033203125,0.0155029296875,16384,nan,nan,nan,nan,nan,-0.6782118602430345,0.4573202518350107,0.12978405969591617,-0.5961108654995282,0.7923433181912056,2.2157927848675225,1.440645132442387,nan
phi1-pd-lock,pax-rough,4.146792863000883,4,,1,0.36148148148148146,0.0,nan,nan,nan,nan,nan,0.011377193033695221,0.000785608108603834,0.008544921875,0.0145263671875,16384,nan,nan,nan,nan,nan,-0.7254742385475085,0.09299582626891857,0.11749912122337956,-0.9757039078850389,0.18492117415157514,2.9542883154054014,1.4530251455970657,nan
phi1-pd-lock,pax-rough,4.974850014001277,5,,1,0.45185185185185184,0.0,nan,nan,nan,nan,nan,0.04790860414505005,0.0011909137482054063,0.0443115234375,0.0528564453125,16384,nan,nan,nan,nan,nan,-0.7385766539927036,-0.5749207399582001,0.03820964529489303,-0.4068417854150625,-0.9126991753292663,-1.9901159353631528,1.5325773778524627,nan
phi1-pd-lock,pax-rough,5.801744773001701,6,,1,0.5422222222222222,0.0,nan,nan,nan,nan,nan,0.07174653559923172,0.0009333238865982483,0.0687255859375,0.076171875,16384,nan,nan,nan,nan,nan,0.8351235426846235,-0.6486560302229654,-0.026816185999878075,0.26875330018427435,-0.9628356847398633,-1.2985974707401946,1.5976157277901455,nan
phi1-pd-lock,pax-rough,6.627847475001545,7,,1,0.6325925925925926,0.0,nan,nan,nan,nan,nan,0.07827900350093842,0.0007942800635565236,0.0755615234375,0.0814208984375,16384,nan,nan,nan,nan,nan,0.8274632233136986,-0.121839711982887,-0.08154836857320846,0.9670244312925043,-0.24127497356016187,-0.2445103344907813,1.6524353515544696,nan
phi1-pd-lock,pax-rough,7.460924603001331,8,,1,0.7229629629629629,0.0,nan,nan,nan,nan,nan,0.05938781797885895,0.0008879776170259556,0.0560302734375,0.0628662109375,16384,nan,nan,nan,nan,nan,0.7923862461422261,0.23847909143185358,-0.012415957820244308,0.8883086997452768,0.4590789670070517,0.47699801799103714,1.5832126036363554,nan
phi1-pd-lock,pd-local-calibration,7.591142934001255,,0,0,0.41185185185185186,0.0,nan,nan,nan,nan,nan,0.037738002836704254,0.0033820179240291403,0.0308837890625,0.04443359375,16384,nan,nan,nan,nan,nan,nan,nan,nan,nan,nan,nan,nan,nan
phi1-pd-lock,pd-local-calibration,7.72189485600029,,1,0,0.42185185185185187,0.0,nan,nan,nan,nan,nan,0.039353981614112854,0.005307702472208314,0.0301513671875,0.0494384765625,16384,nan,nan,nan,nan,nan,nan,nan,nan,nan,nan,nan,nan,nan
phi1-pd-lock,pd-local-calibration,7.851260948000345,,2,0,0.4318518518518518,0.0,nan,nan,nan,nan,nan,0.0369926393032074,0.002354993769571594,0.0316162109375,0.0426025390625,16384,nan,nan,nan,nan,nan,nan,nan,nan,nan,nan,nan,nan,nan
phi1-pd-lock,pd-local-calibration,7.981043260000661,,3,0,0.44185185185185183,0.0,nan,nan,nan,nan,nan,0.03778792917728424,0.0026499390990757463,0.031494140625,0.0447998046875,16384,nan,nan,nan,nan,nan,nan,nan,nan,nan,nan,nan,nan,nan
phi1-pd-lock,pd-local-calibration,8.110685390000071,,4,0,0.45185185185185184,0.0,nan,nan,nan,nan,nan,0.04962237924337387,0.0036643000970734657,0.04248046875,0.0572509765625,16384,nan,nan,nan,nan,nan,nan,nan,nan,nan,nan,nan,nan,nan
phi1-pd-lock,pd-local-calibration,8.239969528000074,,5,0,0.46185185185185185,0.0,nan,nan,nan,nan,nan,0.05165928602218628,0.002834894160557671,0.0455322265625,0.059326171875,16384,nan,nan,nan,nan,nan,nan,nan,nan,nan,nan,nan,nan,nan
phi1-pd-lock,pd-local-calibration,8.369134391999978,,6,0,0.47185185185185186,0.0,nan,nan,nan,nan,nan,0.057218052446842194,0.0017781786713239108,0.0516357421875,0.061767578125,16384,nan,nan,nan,nan,nan,nan,nan,nan,nan,nan,nan,nan,nan
phi1-pd-lock,pd-local-calibration,8.498716440000862,,7,0,0.4818518518518518,0.0,nan,nan,nan,nan,nan,0.05714764446020126,0.0033283551904451686,0.0506591796875,0.06640625,16384,nan,nan,nan,nan,nan,nan,nan,nan,nan,nan,nan,nan,nan
phi1-pd-lock,pd-local-calibration,8.628110103001745,,8,0,0.4918518518518518,0.0,nan,nan,nan,nan,nan,0.05371379852294922,0.0031928313952875372,0.04736328125,0.0601806640625,16384,nan,nan,nan,nan,nan,nan,nan,nan,nan,nan,nan,nan,nan
phi1-pd-lock,handoff-target,9.512903926000945,,,1,0.45185185185185184,0.0,nan,nan,nan,nan,nan,0.0546136200428009,0.0020738617982837444,0.0496826171875,0.0604248046875,16384,0.0546136200428009,0.0,0.6935678422450983,nan,nan,-0.7480178651990065,-0.6003494022660739,0.02701619999372782,-0.36069600868161406,-0.9322920756174279,-1.9399515690572986,1.543776839312858,nan
phi1-pd-lock,pd-fpga-p-only,9.540476611000486,,,0,0.4544011720180686,0.0,0.45696496154315713,0.451904296875,0.0545654296875,-0.317138671875,0.0,0.04920974373817444,0.025110223507457206,0.009765625,0.07958984375,16384,0.0546136200428009,-0.005403876304626465,0.6935678422450983,nan,nan,nan,nan,nan,nan,nan,nan,nan,nan
phi1-pd-lock,pd-fpga-p-only,9.591121126000871,,,0,0.45244780857038214,0.0,0.45086070076913687,0.451904296875,0.0545654296875,-0.317138671875,0.0,0.05222170054912567,0.013093879591153509,0.03125,0.0723876953125,16384,0.0546136200428009,-0.002391919493675232,0.6935678422450983,nan,nan,nan,nan,nan,nan,nan,nan,nan,nan
phi1-pd-lock,pd-fpga-p-only,9.641252098001132,,,0,0.45305823464778416,0.0,0.45318031986326457,0.451904296875,0.0545654296875,-0.317138671875,0.0,0.047718726098537445,0.00476025668645331,0.0377197265625,0.0579833984375,16384,0.0546136200428009,-0.006894893944263458,0.6935678422450983,nan,nan,nan,nan,nan,nan,nan,nan,nan,nan
phi1-pd-lock,pd-fpga-p-only,9.692249475001518,,,0,0.45549993895739227,0.0,0.45464534244902943,0.451904296875,0.0545654296875,-0.317138671875,0.0,0.045794226229190826,0.001790096817741714,0.0411376953125,0.05126953125,16384,0.0546136200428009,-0.008819393813610077,0.6935678422450983,nan,nan,nan,nan,nan,nan,nan,nan,nan,nan
phi1-pd-lock,pd-fpga-p-only,9.741127506000339,,,0,0.45513368331095105,0.0,0.45525576852643146,0.451904296875,0.0545654296875,-0.317138671875,0.0,0.0444459393620491,0.0013187482858495203,0.0401611328125,0.0489501953125,16384,0.0546136200428009,-0.0101676806807518,0.6935678422450983,nan,nan,nan,nan,nan,nan,nan,nan,nan,nan
phi1-pd-lock,pd-fpga-p-only,9.797141315000772,,,0,0.45537785374191186,0.0,0.454523257233549,0.451904296875,0.0545654296875,-0.317138671875,0.0,0.0436367392539978,0.002025603194827757,0.038330078125,0.0509033203125,16384,0.0546136200428009,-0.0109768807888031,0.6935678422450983,nan,nan,nan,nan,nan,nan,nan,nan,nan,nan
phi1-pd-lock,pd-fpga-p-only,9.841805419000593,,,0,0.4541570015871078,0.0,0.45464534244902943,0.451904296875,0.0545654296875,-0.317138671875,0.0,0.04498359560966492,0.0020385451575751974,0.0390625,0.051513671875,16384,0.0546136200428009,-0.009630024433135986,0.6935678422450983,nan,nan,nan,nan,nan,nan,nan,nan,nan,nan
phi1-pd-lock,pd-fpga-p-only,9.891791879001175,,,0,0.45684287632767673,0.0,0.4563545354657551,0.451904296875,0.0545654296875,-0.317138671875,0.0,0.040096215903759,0.0014907639224692923,0.035888671875,0.044921875,16384,0.0546136200428009,-0.0145174041390419,0.6935678422450983,nan,nan,nan,nan,nan,nan,nan,nan,nan,nan
phi1-pd-lock,pd-fpga-p-only,9.941479780000009,,,0,0.4565987058967159,0.0,0.4567207911121963,0.451904296875,0.0545654296875,-0.317138671875,0.0,0.03956884145736694,0.0014515322139300542,0.03515625,0.044189453125,16384,0.0546136200428009,-0.01504477858543396,0.6935678422450983,nan,nan,nan,nan,nan,nan,nan,nan,nan,nan
phi1-pd-lock,pd-fpga-p-only,9.991618215000926,,,0,0.4557441093883531,0.0,0.45513368331095105,0.451904296875,0.0545654296875,-0.317138671875,0.0,0.0433378741145134,0.002023747609103639,0.0377197265625,0.0498046875,16384,0.0546136200428009,-0.011275745928287506,0.6935678422450983,nan,nan,nan,nan,nan,nan,nan,nan,nan,nan
phi1-pd-lock,pd-fpga-p-only,10.041839637000521,,,0,0.45501159809547065,0.0,0.45488951287999024,0.451904296875,0.0545654296875,-0.317138671875,0.0,0.04322006553411484,0.0018127004294953833,0.0384521484375,0.0494384765625,16384,0.0546136200428009,-0.011393554508686066,0.6935678422450983,nan,nan,nan,nan,nan,nan,nan,nan,nan,nan
phi1-pd-lock,pd-fpga-p-only,10.093541856000229,,,0,0.4559882798193139,0.0,0.4559882798193139,0.451904296875,0.0545654296875,-0.317138671875,0.0,0.04221919924020767,0.001221076492759723,0.03857421875,0.046630859375,16384,0.0546136200428009,-0.012394420802593231,0.6935678422450983,nan,nan,nan,nan,nan,nan,nan,nan,nan,nan
phi1-pd-lock,pd-fpga-p-only,10.141726836000089,,,0,0.45696496154315713,0.0,0.45684287632767673,0.451904296875,0.0545654296875,-0.317138671875,0.0,0.038332805037498474,0.0015592869117060065,0.034423828125,0.0435791015625,16384,0.0546136200428009,-0.01628081500530243,0.6935678422450983,nan,nan,nan,nan,nan,nan,nan,nan,nan,nan
phi1-pd-lock,pd-fpga-p-only,10.192092809000314,,,0,0.4565987058967159,0.0,0.4564766206812355,0.451904296875,0.0545654296875,-0.317138671875,0.0,0.0362502783536911,0.002383693012659839,0.0313720703125,0.0423583984375,16384,0.0546136200428009,-0.018363341689109802,0.6935678422450983,nan,nan,nan,nan,nan,nan,nan,nan,nan,nan
phi1-pd-lock,pd-fpga-p-only,10.24188478400174,,,0,0.4579416432670004,0.0,0.4585520693444024,0.451904296875,0.0545654296875,-0.317138671875,0.0,0.03680279105901718,0.002417490056974197,0.02978515625,0.042724609375,16384,0.0546136200428009,-0.017810828983783722,0.6935678422450983,nan,nan,nan,nan,nan,nan,nan,nan,nan,nan
phi1-pd-lock,pd-fpga-p-only,10.292291273000956,,,0,0.4558661946038335,0.0,0.4558661946038335,0.451904296875,0.0545654296875,-0.317138671875,0.0,0.03744296729564667,0.001698927940686906,0.032470703125,0.0426025390625,16384,0.0546136200428009,-0.017170652747154236,0.6935678422450983,nan,nan,nan,nan,nan,nan,nan,nan,nan,nan
phi1-pd-lock,pd-fpga-p-only,10.34219353500157,,,0,0.45720913197411794,0.0,0.45708704675863754,0.451904296875,0.0545654296875,-0.317138671875,0.0,0.03701385110616684,0.0016558379310193916,0.031982421875,0.0418701171875,16384,0.0546136200428009,-0.017599768936634064,0.6935678422450983,nan,nan,nan,nan,nan,nan,nan,nan,nan,nan
phi1-pd-lock,pd-fpga-p-only,10.392472815001383,,,0,0.45757538762055916,0.0,0.45781955805151997,0.451904296875,0.0545654296875,-0.317138671875,0.0,0.03695571422576904,0.002154522883911799,0.031005859375,0.042724609375,16384,0.0546136200428009,-0.01765790581703186,0.6935678422450983,nan,nan,nan,nan,nan,nan,nan,nan,nan,nan
phi1-pd-lock,pd-fpga-p-only,10.443165580001732,,,0,0.45696496154315713,0.0,0.45708704675863754,0.451904296875,0.0545654296875,-0.317138671875,0.0,0.03650166094303131,0.0022393959181993247,0.0303955078125,0.0419921875,16384,0.0546136200428009,-0.018111959099769592,0.6935678422450983,nan,nan,nan,nan,nan,nan,nan,nan,nan,nan
phi1-pd-lock,pd-fpga-p-only,10.49263199500092,,,0,0.4557441093883531,0.0,0.4557441093883531,0.451904296875,0.0545654296875,-0.317138671875,0.0,0.041022226214408875,0.0021847178066812818,0.0352783203125,0.04638671875,16384,0.0546136200428009,-0.013591393828392029,0.6935678422450983,nan,nan,nan,nan,nan,nan,nan,nan,nan,nan
phi1-pd-lock,pd-fpga-pid,10.971015934001116,,,1,0.5104382859235747,0.0,0.5104382859235747,0.5098876953125,0.0545654296875,-0.317138671875,-4.997947940025335,0.04304596036672592,0.002003315955325287,0.0379638671875,0.0489501953125,16384,0.0545654296875,-0.011519469320774078,0.6935678422450983,-0.007432808353424747,-5.507050708467316e-05,-0.7407723422264783,-0.6038759374483808,0.031653148683724604,-0.3537084029967622,-0.9348200061123457,-1.9325187607038736,1.539137890063232,nan
phi1-pd-lock,pd-fpga-pid,10.995234055000765,,,0,0.5109266267854963,0.0,0.5116591380783787,0.5107421875,0.0545654296875,-0.317138671875,-4.997947940025335,0.05329205095767975,0.0011738065713921924,0.049560546875,0.05810546875,16384,0.0545654296875,-0.0012733787298202515,0.6935678422450983,nan,nan,nan,nan,nan,nan,nan,nan,nan,nan
phi1-pd-lock,pd-fpga-pid,11.045448904000295,,,0,0.5159321206201929,0.0,0.5155658649737517,0.514404296875,0.0545654296875,-0.317138671875,-4.997947940025335,0.051813870668411255,0.0020447121545774257,0.0474853515625,0.05908203125,16384,0.0545654296875,-0.002751559019088745,0.6935678422450983,nan,nan,nan,nan,nan,nan,nan,nan,nan,nan
phi1-pd-lock,pd-fpga-pid,11.095198970000638,,,0,0.5230130631180564,0.0,0.523501403979978,0.5211181640625,0.0545654296875,-0.317138671875,-4.997947940025335,0.04944401979446411,0.001522038578724643,0.0439453125,0.0538330078125,16384,0.0545654296875,-0.005121409893035889,0.6935678422450983,nan,nan,nan,nan,nan,nan,nan,nan,nan,nan
phi1-pd-lock,pd-fpga-pid,11.146703389000322,,,0,0.531314857770724,0.0,0.5316811134171652,0.5301513671875,0.0545654296875,-0.317138671875,-4.997947940025335,0.04921930283308029,0.001582501661680515,0.0443115234375,0.0548095703125,16384,0.0545654296875,-0.005346126854419708,0.6935678422450983,nan,nan,nan,nan,nan,nan,nan,nan,nan,nan
phi1-pd-lock,pd-fpga-pid,11.19600950200038,,,0,0.5297277499694787,0.0,0.5299719204004395,0.5302734375,0.0545654296875,-0.317138671875,-4.997947940025335,0.05657148361206055,0.0017784831311189713,0.05126953125,0.06201171875,16384,0.0545654296875,0.002006053924560547,0.6935678422450983,nan,nan,nan,nan,nan,nan,nan,nan,nan,nan
phi1-pd-lock,pd-fpga-pid,11.24569268400046,,,0,0.5261872787205469,0.0,0.5263093639360273,0.526611328125,0.0545654296875,-0.317138671875,-4.997947940025335,0.056910134851932526,0.0022724578889410903,0.0516357421875,0.062255859375,16384,0.0545654296875,0.0023447051644325256,0.6935678422450983,nan,nan,nan,nan,nan,nan,nan,nan,nan,nan
phi1-pd-lock,pd-fpga-pid,11.295704462001595,,,0,0.5261872787205469,0.0,0.5270418752289098,0.5262451171875,0.0545654296875,-0.317138671875,-4.997947940025335,0.05351252108812332,0.0021458346561872474,0.0478515625,0.059326171875,16384,0.0545654296875,-0.0010529085993766785,0.6935678422450983,nan,nan,nan,nan,nan,nan,nan,nan,nan,nan
phi1-pd-lock,pd-fpga-pid,11.34582487300031,,,0,0.5243560004883409,0.0,0.5244780857038213,0.5250244140625,0.0545654296875,-0.317138671875,-4.997947940025335,0.05610556900501251,0.0016464187670322296,0.051513671875,0.0604248046875,16384,0.0545654296875,0.0015401393175125122,0.6935678422450983,nan,nan,nan,nan,nan,nan,nan,nan,nan,nan
phi1-pd-lock,pd-fpga-pid,11.395894229000987,,,0,0.5175192284214382,0.0,0.5178854840678794,0.5185546875,0.0545654296875,-0.317138671875,-4.997947940025335,0.059549279510974884,0.0023518267215391717,0.05322265625,0.0648193359375,16384,0.0545654296875,0.004983849823474884,0.6935678422450983,nan,nan,nan,nan,nan,nan,nan,nan,nan,nan
phi1-pd-lock,pd-fpga-pid,11.445917298000495,,,0,0.5123916493712611,0.0,0.5116591380783787,0.51318359375,0.0545654296875,-0.317138671875,-4.997947940025335,0.0574166476726532,0.0014682948281307489,0.0523681640625,0.0623779296875,16384,0.0545654296875,0.0028512179851531982,0.6935678422450983,nan,nan,nan,nan,nan,nan,nan,nan,nan,nan
phi1-pd-lock,pd-fpga-pid,11.496214782000607,,,0,0.5084849224758882,0.0,0.508729092906849,0.5087890625,0.0545654296875,-0.317138671875,-4.997947940025335,0.05699370056390762,0.0011470134398712485,0.052978515625,0.0611572265625,16384,0.0545654296875,0.0024282708764076233,0.6935678422450983,nan,nan,nan,nan,nan,nan,nan,nan,nan,nan
phi1-pd-lock,pd-fpga-pid,11.546130890001223,,,0,0.5051886216579172,0.0,0.504822366011476,0.505126953125,0.0545654296875,-0.317138671875,-4.997947940025335,0.05660487711429596,0.0008986855798172968,0.0533447265625,0.06005859375,16384,0.0545654296875,0.0020394474267959595,0.6935678422450983,nan,nan,nan,nan,nan,nan,nan,nan,nan,nan
phi1-pd-lock,pd-fpga-pid,11.596383490001244,,,0,0.5044561103650348,0.0,0.504822366011476,0.50439453125,0.0545654296875,-0.317138671875,-4.997947940025335,0.05423464626073837,0.0014806932425800079,0.050048828125,0.0595703125,16384,0.0545654296875,-0.0003307834267616272,0.6935678422450983,nan,nan,nan,nan,nan,nan,nan,nan,nan,nan
phi1-pd-lock,pd-fpga-pid,11.646759200000815,,,0,0.5010377243315834,0.0,0.5004272982541814,0.5018310546875,0.0545654296875,-0.317138671875,-4.997947940025335,0.05722138285636902,0.0025688564561090563,0.0518798828125,0.06396484375,16384,0.0545654296875,0.0026559531688690186,0.6935678422450983,nan,nan,nan,nan,nan,nan,nan,nan,nan,nan
phi1-pd-lock,pd-fpga-pid,11.696477668001535,,,0,0.4911488218776706,0.0,0.49175924795507264,0.4932861328125,0.0545654296875,-0.317138671875,-4.997947940025335,0.059949733316898346,0.0016177828015671372,0.0560302734375,0.0654296875,16384,0.0545654296875,0.005384303629398346,0.6935678422450983,nan,nan,nan,nan,nan,nan,nan,nan,nan,nan
phi1-pd-lock,pd-fpga-pid,11.74636193600054,,,0,0.47796361860578684,0.0,0.4772311073129044,0.4801025390625,0.0545654296875,-0.317138671875,-4.997947940025335,0.06357783824205399,0.0013806653563084145,0.06005859375,0.06787109375,16384,0.0545654296875,0.009012408554553986,0.6935678422450983,nan,nan,nan,nan,nan,nan,nan,nan,nan,nan
phi1-pd-lock,pd-fpga-pid,11.79614467400097,,,0,0.4657550970577463,0.0,0.46612135270418753,0.4676513671875,0.0545654296875,-0.317138671875,-4.997947940025335,0.06213494390249252,0.0020881891017606913,0.056396484375,0.0677490234375,16384,0.0545654296875,0.007569514214992523,0.6935678422450983,nan,nan,nan,nan,nan,nan,nan,nan,nan,nan
phi1-pd-lock,pd-fpga-pid,11.846229319000486,,,0,0.4557441093883531,0.0,0.4562324502502747,0.4581298828125,0.0545654296875,-0.317138671875,-4.997947940025335,0.06086377054452896,0.0010291869144471086,0.0576171875,0.0657958984375,16384,0.0545654296875,0.006298340857028961,0.6935678422450983,nan,nan,nan,nan,nan,nan,nan,nan,nan,nan
phi1-pd-lock,pd-fpga-pid,11.897408658000131,,,0,0.4486631668904896,0.0,0.449395678183372,0.4500732421875,0.0545654296875,-0.317138671875,-4.997947940025335,0.05865350365638733,0.0014970634083862973,0.054443359375,0.0633544921875,16384,0.0545654296875,0.004088073968887329,0.6935678422450983,nan,nan,nan,nan,nan,nan,nan,nan,nan,nan
phi1-pd-lock,pd-fpga-pid,11.946607230000154,,,0,0.4421926504700281,0.0,0.4419484800390673,0.4427490234375,0.0545654296875,-0.317138671875,-4.997947940025335,0.05931336432695389,0.0020916803453496766,0.0533447265625,0.0653076171875,16384,0.0545654296875,0.004747934639453888,0.6935678422450983,nan,nan,nan,nan,nan,nan,nan,nan,nan,nan
phi1-pd-lock,pd-fpga-pid,11.996723834001386,,,0,0.4381638383591747,0.0,0.4380417531436943,0.438232421875,0.0545654296875,-0.317138671875,-4.997947940025335,0.05656389892101288,0.0015278122380239473,0.0518798828125,0.0609130859375,16384,0.0545654296875,0.0019984692335128784,0.6935678422450983,nan,nan,nan,nan,nan,nan,nan,nan,nan,nan
phi1-pd-lock,pd-fpga-pid,12.048124959001143,,,0,0.44329141740935174,0.0,0.44304724697839093,0.44140625,0.0545654296875,-0.317138671875,-4.997947940025335,0.05086638778448105,0.0025299991507413016,0.045166015625,0.058349609375,16384,0.0545654296875,-0.0036990419030189514,0.6935678422450983,nan,nan,nan,nan,nan,nan,nan,nan,nan,nan
phi1-pd-lock,pd-fpga-pid,12.09657068800152,,,0,0.4518373824929801,0.0,0.4517152972774997,0.450439453125,0.0545654296875,-0.317138671875,-4.997947940025335,0.04779887944459915,0.0018276668292740615,0.042724609375,0.0545654296875,16384,0.0545654296875,-0.006766550242900848,0.6935678422450983,nan,nan,nan,nan,nan,nan,nan,nan,nan,nan
phi1-pd-lock,pd-fpga-pid,12.146997685000315,,,0,0.4464656330118423,0.0,0.4469539738737639,0.448486328125,0.0545654296875,-0.317138671875,-4.997947940025335,0.05810561031103134,0.0019096110701515953,0.052734375,0.0631103515625,16384,0.0545654296875,0.0035401806235313416,0.6935678422450983,nan,nan,nan,nan,nan,nan,nan,nan,nan,nan
phi1-pd-lock,pd-fpga-pid,12.19707751000169,,,0,0.42961787327554635,0.0,0.4290074471981443,0.43212890625,0.0545654296875,-0.317138671875,-4.997947940025335,0.0655122846364975,0.0019372425653157285,0.0606689453125,0.0706787109375,16384,0.0545654296875,0.010946854948997498,0.6935678422450983,nan,nan,nan,nan,nan,nan,nan,nan,nan,nan
phi1-pd-lock,pd-fpga-pid,12.247517692001566,,,0,0.4167989256501038,0.0,0.41765352215846663,0.4193115234375,0.0545654296875,-0.317138671875,-4.997947940025335,0.061004333198070526,0.0019197533625359175,0.0555419921875,0.0667724609375,16384,0.0545654296875,0.006438903510570526,0.6935678422450983,nan,nan,nan,nan,nan,nan,nan,nan,nan,nan
phi1-pd-lock,pd-fpga-pid,12.29694450200077,,,0,0.41631058478818217,0.0,0.41631058478818217,0.4154052734375,0.0545654296875,-0.317138671875,-4.997947940025335,0.055507592856884,0.0017159476398550767,0.05126953125,0.06103515625,16384,0.0545654296875,0.0009421631693840027,0.6935678422450983,nan,nan,nan,nan,nan,nan,nan,nan,nan,nan
phi1-pd-lock,pd-fpga-pid,12.346985845000745,,,0,0.4244902942253693,0.0,0.4244902942253693,0.4229736328125,0.0545654296875,-0.317138671875,-4.997947940025335,0.05006261169910431,0.002731318431718438,0.0421142578125,0.055908203125,16384,0.0545654296875,-0.004502817988395691,0.6935678422450983,nan,nan,nan,nan,nan,nan,nan,nan,nan,nan
phi1-pd-lock,pd-fpga-pid,12.397045823001463,,,0,0.42326944207056527,0.0,0.4236356977170065,0.42431640625,0.0545654296875,-0.317138671875,-4.997947940025335,0.05476783215999603,0.0018313349494599492,0.0491943359375,0.0594482421875,16384,0.0545654296875,0.00020240247249603271,0.6935678422450983,nan,nan,nan,nan,nan,nan,nan,nan,nan,nan
phi1-pd-lock,pd-fpga-pid,12.44853927100121,,,0,0.4237577829324869,0.0,0.4242461237944085,0.4228515625,0.0545654296875,-0.317138671875,-4.997947940025335,0.054682232439517975,0.0013465349426104798,0.0506591796875,0.059326171875,16384,0.0545654296875,0.00011680275201797485,0.6935678422450983,nan,nan,nan,nan,nan,nan,nan,nan,nan,nan
phi1-pd-lock,pd-fpga-pid,12.497511168001438,,,0,0.42693199853497743,0.0,0.42693199853497743,0.4261474609375,0.0545654296875,-0.317138671875,-4.997947940025335,0.051715441048145294,0.0016244209295035485,0.047607421875,0.056396484375,16384,0.0545654296875,-0.002849988639354706,0.6935678422450983,nan,nan,nan,nan,nan,nan,nan,nan,nan,nan
phi1-pd-lock,pd-fpga-pid,12.979696929000056,,,1,0.49236967403247467,0.0,0.49188133317055305,0.48974609375,0.05419921875,-0.317138671875,-4.997947940025335,0.05202639847993851,0.0011849363886973995,0.0477294921875,0.0565185546875,16384,0.05419921875,-0.002172820270061493,0.6935678422450983,-0.045290775870536315,-0.00033556441587781434,-0.7497283122992212,-0.6230813641718667,0.022735325402583658,-0.3181502339494361,-0.9477676580347938,-1.894660793186762,1.5480590423071727,nan
phi1-pd-lock,pd-fpga-pid,13.003450128000622,,,0,0.49615431571236723,0.0,0.49700891222073007,0.494384765625,0.05419921875,-0.317138671875,-4.997947940025335,0.04784858226776123,0.0015546448267963512,0.0435791015625,0.0538330078125,16384,0.05419921875,-0.0063506364822387695,0.6935678422450983,nan,nan,nan,nan,nan,nan,nan,nan,nan,nan
phi1-pd-lock,pd-fpga-pid,13.053834224001548,,,0,0.5057990477353193,0.0,0.5057990477353193,0.504150390625,0.05419921875,-0.317138671875,-4.997947940025335,0.04847724735736847,0.0012393303192210004,0.04443359375,0.052978515625,16384,0.05419921875,-0.005721971392631531,0.6935678422450983,nan,nan,nan,nan,nan,nan,nan,nan,nan,nan
phi1-pd-lock,pd-fpga-pid,13.103734903001168,,,0,0.5100720302771334,0.0,0.5106824563545355,0.5093994140625,0.05419921875,-0.317138671875,-4.997947940025335,0.05128507316112518,0.0023431567212992724,0.046142578125,0.057373046875,16384,0.05419921875,-0.002914145588874817,0.6935678422450983,nan,nan,nan,nan,nan,nan,nan,nan,nan,nan
phi1-pd-lock,pd-fpga-pid,13.153985148001084,,,0,0.5165425466975949,0.0,0.5162983762666341,0.5155029296875,0.05419921875,-0.317138671875,-4.997947940025335,0.04983844608068466,0.0011478380455696776,0.046142578125,0.054443359375,16384,0.05419921875,-0.004360772669315338,0.6935678422450983,nan,nan,nan,nan,nan,nan,nan,nan,nan,nan
phi1-pd-lock,pd-fpga-pid,13.204030489001525,,,0,0.5199609327310463,0.0,0.5206934440239287,0.51953125,0.05419921875,-0.317138671875,-4.997947940025335,0.05130606144666672,0.0016189153830819052,0.0465087890625,0.0556640625,16384,0.05419921875,-0.0028931573033332825,0.6935678422450983,nan,nan,nan,nan,nan,nan,nan,nan,nan,nan
phi1-pd-lock,pd-fpga-pid,13.254079987000296,,,0,0.5173971432059578,0.0,0.5175192284214382,0.517822265625,0.05419921875,-0.317138671875,-4.997947940025335,0.056374453008174896,0.001200000975361662,0.0528564453125,0.060546875,16384,0.05419921875,0.0021752342581748962,0.6935678422450983,nan,nan,nan,nan,nan,nan,nan,nan,nan,nan
phi1-pd-lock,pd-fpga-pid,13.304251004001344,,,0,0.508118666829447,0.0,0.5079965816139665,0.5098876953125,0.05419921875,-0.317138671875,-4.997947940025335,0.059713609516620636,0.0012595779994099123,0.0556640625,0.0640869140625,16384,0.05419921875,0.005514390766620636,0.6935678422450983,nan,nan,nan,nan,nan,nan,nan,nan,nan,nan
phi1-pd-lock,pd-fpga-pid,13.354243796000446,,,0,0.48748626541325846,0.0,0.48724209498229765,0.4913330078125,0.05419921875,-0.317138671875,-4.997947940025335,0.06741756200790405,0.0015105058130074453,0.0631103515625,0.072021484375,16384,0.05419921875,0.013218343257904053,0.6935678422450983,nan,nan,nan,nan,nan,nan,nan,nan,nan,nan
phi1-pd-lock,pd-fpga-pid,13.404166807000365,,,0,0.46160419973141253,0.0,0.46160419973141253,0.4664306640625,0.05419921875,-0.317138671875,-4.997947940025335,0.07044054567813873,0.0012138197744325358,0.06640625,0.074462890625,16384,0.05419921875,0.016241326928138733,0.6935678422450983,nan,nan,nan,nan,nan,nan,nan,nan,nan,nan
phi1-pd-lock,pd-fpga-pid,13.454400211001484,,,0,0.4359663044805274,0.0,0.4357221340495666,0.4405517578125,0.05419921875,-0.317138671875,-4.997947940025335,0.0704205259680748,0.0013110396827671355,0.0667724609375,0.0755615234375,16384,0.05419921875,0.0162213072180748,0.6935678422450983,nan,nan,nan,nan,nan,nan,nan,nan,nan,nan
phi1-pd-lock,pd-fpga-pid,13.50446459700106,,,0,0.4148455622024173,0.0,0.4144793065559761,0.4176025390625,0.05419921875,-0.317138671875,-4.997947940025335,0.06712280213832855,0.002179486790530611,0.0609130859375,0.072265625,16384,0.05419921875,0.012923583388328552,0.6935678422450983,nan,nan,nan,nan,nan,nan,nan,nan,nan,nan
phi1-pd-lock,pd-fpga-pid,13.554529274000743,,,0,0.3987303137590038,0.0,0.39787571725064097,0.401123046875,0.05419921875,-0.317138671875,-4.997947940025335,0.06459229439496994,0.0012272382410790934,0.0614013671875,0.06884765625,16384,0.05419921875,0.01039307564496994,0.6935678422450983,nan,nan,nan,nan,nan,nan,nan,nan,nan,nan
phi1-pd-lock,pd-fpga-pid,13.604835354000897,,,0,0.38798681479672814,0.0,0.38823098522768895,0.3902587890625,0.05419921875,-0.317138671875,-4.997947940025335,0.060403965413570404,0.0014296718387837263,0.0567626953125,0.0653076171875,16384,0.05419921875,0.006204746663570404,0.6935678422450983,nan,nan,nan,nan,nan,nan,nan,nan,nan,nan
phi1-pd-lock,pd-fpga-pid,13.65473082400058,,,0,0.3853009400561592,0.0,0.3848125991942376,0.385498046875,0.05419921875,-0.317138671875,-4.997947940025335,0.056439630687236786,0.0012700371813287176,0.052978515625,0.060791015625,16384,0.05419921875,0.002240411937236786,0.6935678422450983,nan,nan,nan,nan,nan,nan,nan,nan,nan,nan
phi1-pd-lock,pd-fpga-pid,13.704691676000948,,,0,0.39238188255402273,0.0,0.3921377121230619,0.390869140625,0.05419921875,-0.317138671875,-4.997947940025335,0.049589402973651886,0.0009494667048618578,0.04638671875,0.0535888671875,16384,0.05419921875,-0.004609815776348114,0.6935678422450983,nan,nan,nan,nan,nan,nan,nan,nan,nan,nan
phi1-pd-lock,pd-fpga-pid,13.754820723001103,,,0,0.40361372237822,0.0,0.40422414845562205,0.40185546875,0.05419921875,-0.317138671875,-4.997947940025335,0.046888045966625214,0.0019212757586383328,0.04150390625,0.052978515625,16384,0.05419921875,-0.007311172783374786,0.6935678422450983,nan,nan,nan,nan,nan,nan,nan,nan,nan,nan
phi1-pd-lock,pd-fpga-pid,13.804985649001537,,,0,0.4141130509095349,0.0,0.41362471004761325,0.4122314453125,0.05419921875,-0.317138671875,-4.997947940025335,0.046754390001297,0.0016965144130988033,0.041259765625,0.051513671875,16384,0.05419921875,-0.007444828748703003,0.6935678422450983,nan,nan,nan,nan,nan,nan,nan,nan,nan,nan
phi1-pd-lock,pd-fpga-pid,13.858201117000135,,,0,0.4304724697839092,0.0,0.4302282993529484,0.4276123046875,0.05419921875,-0.317138671875,-4.997947940025335,0.04514800012111664,0.0029480390331574954,0.0394287109375,0.052734375,16384,0.05419921875,-0.009051218628883362,0.6935678422450983,nan,nan,nan,nan,nan,nan,nan,nan,nan,nan
phi1-pd-lock,pd-fpga-pid,13.905125702000078,,,0,0.4420705652545477,0.0,0.44170430960810647,0.4398193359375,0.05419921875,-0.317138671875,-4.997947940025335,0.04719427973031998,0.0015685102337943703,0.0428466796875,0.052001953125,16384,0.05419921875,-0.007004939019680023,0.6935678422450983,nan,nan,nan,nan,nan,nan,nan,nan,nan,nan
phi1-pd-lock,pd-fpga-pid,13.955365408000944,,,0,0.4518373824929801,0.0,0.4519594677084605,0.4508056640625,0.05419921875,-0.317138671875,-4.997947940025335,0.048318490386009216,0.002034851083045318,0.0428466796875,0.05322265625,16384,0.05419921875,-0.005880728363990784,0.6935678422450983,nan,nan,nan,nan,nan,nan,nan,nan,nan,nan
phi1-pd-lock,pd-fpga-pid,14.005366646000766,,,0,0.45525576852643146,0.0,0.4556220241728727,0.4554443359375,0.05419921875,-0.317138671875,-4.997947940025335,0.05214305967092514,0.001888440481561173,0.04736328125,0.057861328125,16384,0.05419921875,-0.0020561590790748596,0.6935678422450983,nan,nan,nan,nan,nan,nan,nan,nan,nan,nan
phi1-pd-lock,pd-fpga-pid,14.055614627000978,,,0,0.4540349163716274,0.0,0.4542790868025882,0.455078125,0.05419921875,-0.317138671875,-4.997947940025335,0.05549154430627823,0.0016926122658117166,0.05029296875,0.0609130859375,16384,0.05419921875,0.0012923255562782288,0.6935678422450983,nan,nan,nan,nan,nan,nan,nan,nan,nan,nan
phi1-pd-lock,pd-fpga-pid,14.105321953000384,,,0,0.4513490416310585,0.0,0.4515932120620193,0.451416015625,0.05419921875,-0.317138671875,-4.997947940025335,0.0569949597120285,0.002131680539195687,0.0518798828125,0.062255859375,16384,0.05419921875,0.0027957409620285034,0.6935678422450983,nan,nan,nan,nan,nan,nan,nan,nan,nan,nan
phi1-pd-lock,pd-fpga-pid,14.155459527000858,,,0,0.444268099133195,0.0,0.4441460139177146,0.4459228515625,0.05419921875,-0.317138671875,-4.997947940025335,0.05863557010889053,0.0021983258435596892,0.0528564453125,0.0634765625,16384,0.05419921875,0.0044363513588905334,0.6935678422450983,nan,nan,nan,nan,nan,nan,nan,nan,nan,nan
phi1-pd-lock,pd-fpga-pid,14.205599445000189,,,0,0.43865217922109634,0.0,0.43853009400561593,0.4400634765625,0.05419921875,-0.317138671875,-4.997947940025335,0.05798105150461197,0.0016277862764243693,0.0537109375,0.062744140625,16384,0.05419921875,0.003781832754611969,0.6935678422450983,nan,nan,nan,nan,nan,nan,nan,nan,nan,nan
phi1-pd-lock,pd-fpga-pid,14.257605905000673,,,0,0.4330362593089977,0.0,0.4330362593089977,0.4342041015625,0.05419921875,-0.317138671875,-4.997947940025335,0.05791855603456497,0.0012156538778930839,0.0540771484375,0.0621337890625,16384,0.05419921875,0.003719337284564972,0.6935678422450983,nan,nan,nan,nan,nan,nan,nan,nan,nan,nan
phi1-pd-lock,pd-fpga-pid,14.305734469000527,,,0,0.43010621413746797,0.0,0.4303503845684288,0.4305419921875,0.05419921875,-0.317138671875,-4.997947940025335,0.05656620115041733,0.0014151315125429745,0.052490234375,0.0614013671875,16384,0.05419921875,0.002366982400417328,0.6935678422450983,nan,nan,nan,nan,nan,nan,nan,nan,nan,nan
phi1-pd-lock,pd-fpga-pid,14.355863637001676,,,0,0.4238798681479673,0.0,0.4238798681479673,0.4254150390625,0.05419921875,-0.317138671875,-4.997947940025335,0.05864163488149643,0.002030638874346297,0.0526123046875,0.0634765625,16384,0.05419921875,0.0044424161314964294,0.6935678422450983,nan,nan,nan,nan,nan,nan,nan,nan,nan,nan
phi1-pd-lock,pd-fpga-pid,14.406175808000626,,,0,0.4174093517275058,0.0,0.4172872665120254,0.4190673828125,0.05419921875,-0.317138671875,-4.997947940025335,0.05754977464675903,0.0016422230960116777,0.0535888671875,0.06298828125,16384,0.05419921875,0.003350555896759033,0.6935678422450983,nan,nan,nan,nan,nan,nan,nan,nan,nan,nan
phi1-pd-lock,pd-fpga-pid,14.456502978000572,,,0,0.4128921987547308,0.0,0.41325845440117204,0.4140625,0.05419921875,-0.317138671875,-4.997947940025335,0.05722040683031082,0.0016578764661246965,0.052490234375,0.061767578125,16384,0.05419921875,0.0030211880803108215,0.6935678422450983,nan,nan,nan,nan,nan,nan,nan,nan,nan,nan
phi1-pd-lock,pd-fpga-pid,14.506499597000584,,,0,0.4073983640581126,0.0,0.4073983640581126,0.408935546875,0.05419921875,-0.317138671875,-4.997947940025335,0.05757951736450195,0.000873301056800351,0.0546875,0.06103515625,16384,0.05419921875,0.003380298614501953,0.6935678422450983,nan,nan,nan,nan,nan,nan,nan,nan,nan,nan
phi1-pd-lock,pd-fpga-pid,14.984177109001394,,,1,0.38346966182395315,0.0,0.38310340617751193,0.38330078125,0.052734375,-0.317138671875,-4.997947940025335,0.05811460316181183,0.001435817497255675,0.0538330078125,0.062255859375,16384,0.052734375,0.005380228161811829,0.6935678422450983,-0.2211279572593079,-0.0015,-0.7725689397805913,-0.7113605051695253,0.0037850981517235597,-0.14748622290127564,-0.9890568674683459,-1.7188236117979907,1.5670112196049515,nan
phi1-pd-lock,pd-fpga-pid,15.008440264000455,,,0,0.3823708948846295,0.0,0.3818825540227079,0.3829345703125,0.052734375,-0.317138671875,-4.997947940025335,0.053237758576869965,0.0013269733769298447,0.04931640625,0.0576171875,16384,0.052734375,0.0005033835768699646,0.6935678422450983,nan,nan,nan,nan,nan,nan,nan,nan,nan,nan
phi1-pd-lock,pd-fpga-pid,15.058694767001725,,,0,0.3801733610059822,0.0,0.3805396166524234,0.38134765625,0.052734375,-0.317138671875,-4.997947940025335,0.053243979811668396,0.0008999199810447357,0.0501708984375,0.0565185546875,16384,0.052734375,0.000509604811668396,0.6935678422450983,nan,nan,nan,nan,nan,nan,nan,nan,nan,nan
phi1-pd-lock,pd-fpga-pid,15.108272681000017,,,0,0.38566719570260044,0.0,0.3866438774264437,0.383544921875,0.052734375,-0.317138671875,-4.997947940025335,0.050105512142181396,0.0027769383419671157,0.042236328125,0.056884765625,16384,0.052734375,-0.0026288628578186035,0.6935678422450983,nan,nan,nan,nan,nan,nan,nan,nan,nan,nan
phi1-pd-lock,pd-fpga-pid,15.160181267001462,,,0,0.39506775729459165,0.0,0.39482358686363084,0.3936767578125,0.052734375,-0.317138671875,-4.997947940025335,0.04661451280117035,0.0023717763673794597,0.0406494140625,0.0521240234375,16384,0.052734375,-0.006119862198829651,0.6935678422450983,nan,nan,nan,nan,nan,nan,nan,nan,nan,nan
phi1-pd-lock,pd-fpga-pid,15.208693892000156,,,0,0.4049566597485045,0.0,0.4052008301794653,0.403564453125,0.052734375,-0.317138671875,-4.997947940025335,0.04543675482273102,0.0015666550289537785,0.0404052734375,0.05029296875,16384,0.052734375,-0.007297620177268982,0.6935678422450983,nan,nan,nan,nan,nan,nan,nan,nan,nan,nan
phi1-pd-lock,pd-fpga-pid,15.25869540000167,,,0,0.4082529605664754,0.0,0.40874130142839704,0.4091796875,0.052734375,-0.317138671875,-4.997947940025335,0.051069945096969604,0.0023533581629953575,0.045654296875,0.0579833984375,16384,0.052734375,-0.0016644299030303955,0.6935678422450983,nan,nan,nan,nan,nan,nan,nan,nan,nan,nan
phi1-pd-lock,pd-fpga-pid,15.308941978000803,,,0,0.4077646197045538,0.0,0.4080087901355146,0.4072265625,0.052734375,-0.317138671875,-4.997947940025335,0.05536505579948425,0.00255906311145515,0.05029296875,0.062744140625,16384,0.052734375,0.002630680799484253,0.6935678422450983,nan,nan,nan,nan,nan,nan,nan,nan,nan,nan
phi1-pd-lock,pd-fpga-pid,15.358814124001583,,,0,0.4146013917714565,0.0,0.4146013917714565,0.41259765625,0.052734375,-0.317138671875,-4.997947940025335,0.04634746164083481,0.0015909724540452896,0.0418701171875,0.0516357421875,16384,0.052734375,-0.006386913359165192,0.6935678422450983,nan,nan,nan,nan,nan,nan,nan,nan,nan,nan
phi1-pd-lock,pd-fpga-pid,15.409084647000782,,,0,0.42986204370650716,0.0,0.4302282993529484,0.4278564453125,0.052734375,-0.317138671875,-4.997947940025335,0.04319830983877182,0.002068374105573786,0.0369873046875,0.048095703125,16384,0.052734375,-0.00953606516122818,0.6935678422450983,nan,nan,nan,nan,nan,nan,nan,nan,nan,nan
phi1-pd-lock,pd-fpga-pid,15.459195030000046,,,0,0.4380417531436943,0.0,0.43877426443657674,0.43701171875,0.052734375,-0.317138671875,-4.997947940025335,0.04773038625717163,0.0017112035055523232,0.0423583984375,0.0517578125,16384,0.052734375,-0.005003988742828369,0.6935678422450983,nan,nan,nan,nan,nan,nan,nan,nan,nan,nan
phi1-pd-lock,pd-fpga-pid,15.509325751001597,,,0,0.44377975827127336,0.0,0.4428030765474301,0.4425048828125,0.052734375,-0.317138671875,-4.997947940025335,0.04827500134706497,0.0020083842361862535,0.04248046875,0.05419921875,16384,0.052734375,-0.004459373652935028,0.6935678422450983,nan,nan,nan,nan,nan,nan,nan,nan,nan,nan
phi1-pd-lock,pd-fpga-pid,15.559216922001724,,,0,0.45073861555365646,0.0,0.4509827859846173,0.4490966796875,0.052734375,-0.317138671875,-4.997947940025335,0.04905777424573898,0.001941516983235659,0.0440673828125,0.054443359375,16384,0.052734375,-0.003676600754261017,0.6935678422450983,nan,nan,nan,nan,nan,nan,nan,nan,nan,nan
phi1-pd-lock,pd-fpga-pid,15.609400742001526,,,0,0.45696496154315713,0.0,0.45708704675863754,0.4564208984375,0.052734375,-0.317138671875,-4.997947940025335,0.049414604902267456,0.002730424935136164,0.0443115234375,0.0562744140625,16384,0.052734375,-0.003319770097732544,0.6935678422450983,nan,nan,nan,nan,nan,nan,nan,nan,nan,nan
phi1-pd-lock,pd-fpga-pid,15.659397983001327,,,0,0.45513368331095105,0.0,0.45501159809547065,0.4559326171875,0.052734375,-0.317138671875,-4.997947940025335,0.05321753770112991,0.0015619916577041912,0.0484619140625,0.0577392578125,16384,0.052734375,0.00048316270112991333,0.6935678422450983,nan,nan,nan,nan,nan,nan,nan,nan,nan,nan
phi1-pd-lock,pd-fpga-pid,15.71115828100119,,,0,0.44768648516664633,0.0,0.44817482602856795,0.4500732421875,0.052734375,-0.317138671875,-4.997947940025335,0.05720128118991852,0.0017904794291456346,0.052734375,0.06298828125,16384,0.052734375,0.004466906189918518,0.6935678422450983,nan,nan,nan,nan,nan,nan,nan,nan,nan,nan
phi1-pd-lock,pd-fpga-pid,15.759201284001392,,,0,0.4309608106458308,0.0,0.4310828958613112,0.4344482421875,0.052734375,-0.317138671875,-4.997947940025335,0.06328213959932327,0.0012224427768258456,0.059326171875,0.0675048828125,16384,0.052734375,0.010547764599323273,0.6935678422450983,nan,nan,nan,nan,nan,nan,nan,nan,nan,nan
phi1-pd-lock,pd-fpga-pid,15.81048677200124,,,0,0.41631058478818217,0.0,0.41582224392626055,0.4183349609375,0.052734375,-0.317138671875,-4.997947940025335,0.06199120730161667,0.0008751552884097444,0.0589599609375,0.0653076171875,16384,0.052734375,0.009256832301616669,0.6935678422450983,nan,nan,nan,nan,nan,nan,nan,nan,nan,nan
phi1-pd-lock,pd-fpga-pid,15.860168660999989,,,0,0.40922964229031866,0.0,0.4098400683677207,0.4102783203125,0.052734375,-0.317138671875,-4.997947940025335,0.056522004306316376,0.0016710175445292395,0.051513671875,0.061279296875,16384,0.052734375,0.0037876293063163757,0.6935678422450983,nan,nan,nan,nan,nan,nan,nan,nan,nan,nan
phi1-pd-lock,pd-fpga-pid,15.910232095000538,,,0,0.4082529605664754,0.0,0.4080087901355146,0.407958984375,0.052734375,-0.317138671875,-4.997947940025335,0.05389977991580963,0.002255980205557451,0.0477294921875,0.05859375,16384,0.052734375,0.0011654049158096313,0.6935678422450983,nan,nan,nan,nan,nan,nan,nan,nan,nan,nan
phi1-pd-lock,pd-fpga-pid,15.960249954001483,,,0,0.4073983640581126,0.0,0.4078867049200342,0.4075927734375,0.052734375,-0.317138671875,-4.997947940025335,0.05306960642337799,0.0013972636364687411,0.04931640625,0.0582275390625,16384,0.052734375,0.0003352314233779907,0.6935678422450983,nan,nan,nan,nan,nan,nan,nan,nan,nan,nan
phi1-pd-lock,pd-fpga-pid,16.010830058001375,,,0,0.4077646197045538,0.0,0.4077646197045538,0.40673828125,0.052734375,-0.317138671875,-4.997947940025335,0.05238330364227295,0.002526163554203916,0.046875,0.059326171875,16384,0.052734375,-0.0003510713577270508,0.6935678422450983,nan,nan,nan,nan,nan,nan,nan,nan,nan,nan
phi1-pd-lock,pd-fpga-pid,16.060541683000338,,,0,0.4095958979367599,0.0,0.4097179831522403,0.408935546875,0.052734375,-0.317138671875,-4.997947940025335,0.051654599606990814,0.0014620352967551706,0.0472412109375,0.05615234375,16384,0.052734375,-0.0010797753930091858,0.6935678422450983,nan,nan,nan,nan,nan,nan,nan,nan,nan,nan
phi1-pd-lock,pd-fpga-pid,16.110312308001085,,,0,0.4117934318154072,0.0,0.41142717616896596,0.4111328125,0.052734375,-0.317138671875,-4.997947940025335,0.051268599927425385,0.0017115704430716685,0.046875,0.056884765625,16384,0.052734375,-0.0014657750725746155,0.6935678422450983,nan,nan,nan,nan,nan,nan,nan,nan,nan,nan
phi1-pd-lock,pd-fpga-pid,16.160771875000137,,,0,0.41618849957270176,0.0,0.416554755219143,0.414794921875,0.052734375,-0.317138671875,-4.997947940025335,0.049051955342292786,0.0023935185765606415,0.04248046875,0.0546875,16384,0.052734375,-0.0036824196577072144,0.6935678422450983,nan,nan,nan,nan,nan,nan,nan,nan,nan,nan
phi1-pd-lock,pd-fpga-pid,16.210603335000997,,,0,0.42265901599316325,0.0,0.42290318642412406,0.421142578125,0.052734375,-0.317138671875,-4.997947940025335,0.04793238639831543,0.002036592310475611,0.0435791015625,0.05419921875,16384,0.052734375,-0.00480198860168457,0.6935678422450983,nan,nan,nan,nan,nan,nan,nan,nan,nan,nan
phi1-pd-lock,pd-fpga-pid,16.26069662500049,,,0,0.43242583323159567,0.0,0.43242583323159567,0.4300537109375,0.052734375,-0.317138671875,-4.997947940025335,0.04665958136320114,0.0013321536345439562,0.04248046875,0.0516357421875,16384,0.052734375,-0.006074793636798859,0.6935678422450983,nan,nan,nan,nan,nan,nan,nan,nan,nan,nan
phi1-pd-lock,pd-fpga-pid,16.310611852000875,,,0,0.44121596874618485,0.0,0.44097179831522404,0.4393310546875,0.052734375,-0.317138671875,-4.997947940025335,0.045833684504032135,0.002320583927341037,0.0408935546875,0.0528564453125,16384,0.052734375,-0.006900690495967865,0.6935678422450983,nan,nan,nan,nan,nan,nan,nan,nan,nan,nan
phi1-pd-lock,pd-fpga-pid,16.360902913000245,,,0,0.4498840190452936,0.0,0.45000610426077403,0.4481201171875,0.052734375,-0.317138671875,-4.997947940025335,0.04763365536928177,0.002846806861892915,0.0421142578125,0.0552978515625,16384,0.052734375,-0.005100719630718231,0.6935678422450983,nan,nan,nan,nan,nan,nan,nan,nan,nan,nan
phi1-pd-lock,pd-fpga-pid,16.41130549400077,,,0,0.45684287632767673,0.0,0.45696496154315713,0.4556884765625,0.052734375,-0.317138671875,-4.997947940025335,0.0478934720158577,0.001556370132327589,0.0428466796875,0.0523681640625,16384,0.052734375,-0.0048409029841423035,0.6935678422450983,nan,nan,nan,nan,nan,nan,nan,nan,nan,nan
phi1-pd-lock,pd-fpga-pid,16.461018260000856,,,0,0.46209254059333416,0.0,0.46148211451593213,0.4608154296875,0.052734375,-0.317138671875,-4.997947940025335,0.04957304894924164,0.0019445174096146226,0.04541015625,0.0565185546875,16384,0.052734375,-0.003161326050758362,0.6935678422450983,nan,nan,nan,nan,nan,nan,nan,nan,nan,nan
phi1-pd-lock,pd-fpga-pid,16.510965687000862,,,0,0.4627029666707362,0.0,0.46245879623977537,0.463134765625,0.052734375,-0.317138671875,-4.997947940025335,0.05162733048200607,0.0027226964479545347,0.0457763671875,0.0579833984375,16384,0.052734375,-0.001107044517993927,0.6935678422450983,nan,nan,nan,nan,nan,nan,nan,nan,nan,nan
phi1-pd-lock,pd-fpga-pid,16.994147766001333,,,1,0.42986204370650716,0.0,0.42998412892198756,0.4295654296875,0.051513671875,-0.317138671875,-4.997947940025335,0.0560840368270874,0.002136263221118181,0.0506591796875,0.06201171875,16384,0.051513671875,0.004570364952087402,0.6935678422450983,-0.17239616984085426,-0.001277302473191959,-0.7552802763733782,-0.6868444692327056,0.011789053412412296,-0.1954783827999278,-0.9806371500598803,-1.7675553992164446,1.5590070002881322,nan
phi1-pd-lock,pd-fpga-pid,17.018410891001622,,,0,0.4329141740935173,0.0,0.4330362593089977,0.431640625,0.051513671875,-0.317138671875,-4.997947940025335,0.04907611012458801,0.0014393734611168891,0.045166015625,0.0543212890625,16384,0.051513671875,-0.0024375617504119873,0.6935678422450983,nan,nan,nan,nan,nan,nan,nan,nan,nan,nan
phi1-pd-lock,pd-fpga-pid,17.06825826000022,,,0,0.43218166280063486,0.0,0.43230374801611526,0.43310546875,0.051513671875,-0.317138671875,-4.997947940025335,0.05167551338672638,0.0027221658788054164,0.044921875,0.0577392578125,16384,0.051513671875,0.0001618415117263794,0.6935678422450983,nan,nan,nan,nan,nan,nan,nan,nan,nan,nan
phi1-pd-lock,pd-fpga-pid,17.118272072000764,,,0,0.4327920888780369,0.0,0.4334025149554389,0.4327392578125,0.051513671875,-0.317138671875,-4.997947940025335,0.0508161336183548,0.002094999135800111,0.0455322265625,0.05810546875,16384,0.051513671875,-0.0006975382566452026,0.6935678422450983,nan,nan,nan,nan,nan,nan,nan,nan,nan,nan
phi1-pd-lock,pd-fpga-pid,17.168229738001173,,,0,0.4374313270662923,0.0,0.4375534122817727,0.4359130859375,0.051513671875,-0.317138671875,-4.997947940025335,0.049504682421684265,0.0012252783728066037,0.0458984375,0.05419921875,16384,0.051513671875,-0.002008989453315735,0.6935678422450983,nan,nan,nan,nan,nan,nan,nan,nan,nan,nan
phi1-pd-lock,pd-fpga-pid,17.218256884001676,,,0,0.4401172018068612,0.0,0.4404834574533024,0.4398193359375,0.051513671875,-0.317138671875,-4.997947940025335,0.04909922182559967,0.0017161334357694684,0.0438232421875,0.0543212890625,16384,0.051513671875,-0.0024144500494003296,0.6935678422450983,nan,nan,nan,nan,nan,nan,nan,nan,nan,nan
phi1-pd-lock,pd-fpga-pid,17.268732833001195,,,0,0.44829691124404836,0.0,0.4491515077524112,0.446533203125,0.051513671875,-0.317138671875,-4.997947940025335,0.04637308418750763,0.0020338802667841196,0.0426025390625,0.05322265625,16384,0.051513671875,-0.005140587687492371,0.6935678422450983,nan,nan,nan,nan,nan,nan,nan,nan,nan,nan
phi1-pd-lock,pd-fpga-pid,17.31986976100052,,,0,0.45916249542180443,0.0,0.4585520693444024,0.4573974609375,0.051513671875,-0.317138671875,-4.997947940025335,0.04411529749631882,0.0015621315493859799,0.0396728515625,0.049560546875,16384,0.051513671875,-0.007398374378681183,0.6935678422450983,nan,nan,nan,nan,nan,nan,nan,nan,nan,nan
phi1-pd-lock,pd-fpga-pid,17.368615954001143,,,0,0.46453424490294226,0.0,0.4649005005493835,0.4635009765625,0.051513671875,-0.317138671875,-4.997947940025335,0.04839891195297241,0.0009276696242999282,0.044921875,0.052001953125,16384,0.051513671875,-0.003114759922027588,0.6935678422450983,nan,nan,nan,nan,nan,nan,nan,nan,nan,nan
phi1-pd-lock,pd-fpga-pid,17.41860854600054,,,0,0.46612135270418753,0.0,0.46612135270418753,0.4658203125,0.051513671875,-0.317138671875,-4.997947940025335,0.05014009028673172,0.001824503695238305,0.044921875,0.0550537109375,16384,0.051513671875,-0.00137358158826828,0.6935678422450983,nan,nan,nan,nan,nan,nan,nan,nan,nan,nan
phi1-pd-lock,pd-fpga-pid,17.469026084001598,,,0,0.4694176535221585,0.0,0.4696618239531193,0.4688720703125,0.051513671875,-0.317138671875,-4.997947940025335,0.049040764570236206,0.0025262461711273373,0.043212890625,0.05517578125,16384,0.051513671875,-0.002472907304763794,0.6935678422450983,nan,nan,nan,nan,nan,nan,nan,nan,nan,nan
phi1-pd-lock,pd-fpga-pid,17.51880673800042,,,0,0.4673422048589916,0.0,0.46685386399706996,0.46728515625,0.051513671875,-0.317138671875,-4.997947940025335,0.05365856736898422,0.0009310301113767326,0.050048828125,0.057373046875,16384,0.051513671875,0.0021448954939842224,0.6935678422450983,nan,nan,nan,nan,nan,nan,nan,nan,nan,nan
phi1-pd-lock,pd-fpga-pid,17.569213808001223,,,0,0.4631913075326578,0.0,0.46233671102429497,0.46337890625,0.051513671875,-0.317138671875,-4.997947940025335,0.05384849011898041,0.0016185953246403296,0.0494384765625,0.0584716796875,16384,0.051513671875,0.0023348182439804077,0.6935678422450983,nan,nan,nan,nan,nan,nan,nan,nan,nan,nan
phi1-pd-lock,pd-fpga-pid,17.61971103600081,,,0,0.4612379440849713,0.0,0.4607496032230497,0.462158203125,0.051513671875,-0.317138671875,-4.997947940025335,0.05175003409385681,0.0022544650004997654,0.046630859375,0.05859375,16384,0.051513671875,0.00023636221885681152,0.6935678422450983,nan,nan,nan,nan,nan,nan,nan,nan,nan,nan
phi1-pd-lock,pd-fpga-pid,17.669512679000036,,,0,0.46380173361005983,0.0,0.4636796483945794,0.462890625,0.051513671875,-0.317138671875,-4.997947940025335,0.050671741366386414,0.0014821843193472744,0.0465087890625,0.0552978515625,16384,0.051513671875,-0.0008419305086135864,0.6935678422450983,nan,nan,nan,nan,nan,nan,nan,nan,nan,nan
phi1-pd-lock,pd-fpga-pid,17.71936912500132,,,0,0.46465633011842267,0.0,0.46429007447198145,0.4647216796875,0.051513671875,-0.317138671875,-4.997947940025335,0.05020608752965927,0.0019246757979907855,0.04541015625,0.0562744140625,16384,0.051513671875,-0.0013075843453407288,0.6935678422450983,nan,nan,nan,nan,nan,nan,nan,nan,nan,nan
phi1-pd-lock,pd-fpga-pid,17.769173734001015,,,0,0.4634354779636186,0.0,0.4630692223171774,0.46435546875,0.051513671875,-0.317138671875,-4.997947940025335,0.052226029336452484,0.0019104499298807265,0.04638671875,0.05712890625,16384,0.051513671875,0.0007123574614524841,0.6935678422450983,nan,nan,nan,nan,nan,nan,nan,nan,nan,nan
phi1-pd-lock,pd-fpga-pid,17.819183798001177,,,0,0.45757538762055916,0.0,0.45769747283603957,0.4593505859375,0.051513671875,-0.317138671875,-4.997947940025335,0.055389679968357086,0.0018059825525415377,0.0509033203125,0.060791015625,16384,0.051513671875,0.003876008093357086,0.6935678422450983,nan,nan,nan,nan,nan,nan,nan,nan,nan,nan
phi1-pd-lock,pd-fpga-pid,17.86957393600096,,,0,0.45269197900134295,0.0,0.4517152972774997,0.453857421875,0.051513671875,-0.317138671875,-4.997947940025335,0.05554215610027313,0.0017750095171825294,0.05078125,0.060546875,16384,0.051513671875,0.004028484225273132,0.6935678422450983,nan,nan,nan,nan,nan,nan,nan,nan,nan,nan
phi1-pd-lock,pd-fpga-pid,17.9224591050006,,,0,0.45525576852643146,0.0,0.45488951287999024,0.4544677734375,0.051513671875,-0.317138671875,-4.997947940025335,0.049834512174129486,0.002644206632526449,0.0439453125,0.0567626953125,16384,0.051513671875,-0.001679159700870514,0.6935678422450983,nan,nan,nan,nan,nan,nan,nan,nan,nan,nan
phi1-pd-lock,pd-fpga-pid,17.96954433100109,,,0,0.4579416432670004,0.0,0.4581858136979612,0.457275390625,0.051513671875,-0.317138671875,-4.997947940025335,0.04992946982383728,0.0023521556648716502,0.04296875,0.05615234375,16384,0.051513671875,-0.0015842020511627197,0.6935678422450983,nan,nan,nan,nan,nan,nan,nan,nan,nan,nan
phi1-pd-lock,pd-fpga-pid,18.01999220700054,,,0,0.458429984128922,0.0,0.45928458063728483,0.4586181640625,0.051513671875,-0.317138671875,-4.997947940025335,0.05106363445520401,0.0025582968773116576,0.0452880859375,0.057373046875,16384,0.051513671875,-0.00045003741979599,0.6935678422450983,nan,nan,nan,nan,nan,nan,nan,nan,nan,nan
phi1-pd-lock,pd-fpga-pid,18.069688312001745,,,0,0.4562324502502747,0.0,0.4559882798193139,0.457275390625,0.051513671875,-0.317138671875,-4.997947940025335,0.05290887504816055,0.001784281212145974,0.04736328125,0.0584716796875,16384,0.051513671875,0.001395203173160553,0.6935678422450983,nan,nan,nan,nan,nan,nan,nan,nan,nan,nan
phi1-pd-lock,pd-fpga-pid,18.11996410500069,,,0,0.45537785374191186,0.0,0.4557441093883531,0.4556884765625,0.051513671875,-0.317138671875,-4.997947940025335,0.05241185426712036,0.0014356195215316555,0.0478515625,0.0567626953125,16384,0.051513671875,0.0008981823921203613,0.6935678422450983,nan,nan,nan,nan,nan,nan,nan,nan,nan,nan
phi1-pd-lock,pd-fpga-pid,18.16970853100065,,,0,0.45488951287999024,0.0,0.45488951287999024,0.4542236328125,0.051513671875,-0.317138671875,-4.997947940025335,0.05322076380252838,0.003002854972126456,0.046875,0.060546875,16384,0.051513671875,0.0017070919275283813,0.6935678422450983,nan,nan,nan,nan,nan,nan,nan,nan,nan,nan
phi1-pd-lock,pd-fpga-pid,18.220086916000582,,,0,0.45464534244902943,0.0,0.45513368331095105,0.4552001953125,0.051513671875,-0.317138671875,-4.997947940025335,0.050662994384765625,0.0010284633591887,0.0467529296875,0.053955078125,16384,0.051513671875,-0.000850677490234375,0.6935678422450983,nan,nan,nan,nan,nan,nan,nan,nan,nan,nan
phi1-pd-lock,pd-fpga-pid,18.269962819000284,,,0,0.4585520693444024,0.0,0.45757538762055916,0.457763671875,0.051513671875,-0.317138671875,-4.997947940025335,0.05002177506685257,0.0018677989169473411,0.0447998046875,0.0555419921875,16384,0.051513671875,-0.0014918968081474304,0.6935678422450983,nan,nan,nan,nan,nan,nan,nan,nan,nan,nan
phi1-pd-lock,pd-fpga-pid,18.320546148001085,,,0,0.4580637284824808,0.0,0.45781955805151997,0.457763671875,0.051513671875,-0.317138671875,-4.997947940025335,0.051951952278614044,0.0018653357991875886,0.0467529296875,0.05712890625,16384,0.051513671875,0.0004382804036140442,0.6935678422450983,nan,nan,nan,nan,nan,nan,nan,nan,nan,nan
phi1-pd-lock,pd-fpga-pid,18.370252321999942,,,0,0.4542790868025882,0.0,0.45464534244902943,0.455078125,0.051513671875,-0.317138671875,-4.997947940025335,0.05331367254257202,0.0017156507343361691,0.0489501953125,0.058837890625,16384,0.051513671875,0.0018000006675720215,0.6935678422450983,nan,nan,nan,nan,nan,nan,nan,nan,nan,nan
phi1-pd-lock,pd-fpga-pid,18.420131441000194,,,0,0.4497619338298132,0.0,0.4497619338298132,0.45068359375,0.051513671875,-0.317138671875,-4.997947940025335,0.05451261252164841,0.0017796062941026446,0.04931640625,0.0587158203125,16384,0.051513671875,0.002998940646648407,0.6935678422450983,nan,nan,nan,nan,nan,nan,nan,nan,nan,nan
phi1-pd-lock,pd-fpga-pid,18.470387847000893,,,0,0.44353558784031255,0.0,0.44341350262483215,0.445068359375,0.051513671875,-0.317138671875,-4.997947940025335,0.0554414838552475,0.002239155568399352,0.0509033203125,0.061767578125,16384,0.051513671875,0.0039278119802474976,0.6935678422450983,nan,nan,nan,nan,nan,nan,nan,nan,nan,nan
phi1-pd-lock,pd-fpga-pid,18.52021916600097,,,0,0.435233793187645,0.0,0.4354779636186058,0.4365234375,0.051513671875,-0.317138671875,-4.997947940025335,0.056779906153678894,0.0013729566293828243,0.052490234375,0.0611572265625,16384,0.051513671875,0.005266234278678894,0.6935678422450983,nan,nan,nan,nan,nan,nan,nan,nan,nan,nan
phi1-pd-lock,pd-fpga-pid,18.999291032001565,,,1,0.43682090098889026,0.0,0.43645464534244904,0.4368896484375,0.051025390625,-0.317138671875,-4.997947940025335,0.05607127398252487,0.0017935149888622407,0.0517578125,0.0625,16384,0.051025390625,0.005045883357524872,0.6935678422450983,-0.062253995834531395,-0.00046124680681093046,-0.7419158113340454,-0.631401501296396,0.026329871563691522,-0.30200139196141773,-0.9529438058546819,-1.877697573222767,1.544463412031226,nan
phi1-pd-lock,pd-fpga-pid,19.0236902430006,,,0,0.43914052008301796,0.0,0.43877426443657674,0.438720703125,0.051025390625,-0.317138671875,-4.997947940025335,0.04843021184206009,0.002187354687932565,0.0421142578125,0.0545654296875,16384,0.051025390625,-0.002595178782939911,0.6935678422450983,nan,nan,nan,nan,nan,nan,nan,nan,nan,nan
phi1-pd-lock,pd-fpga-pid,19.07360171200162,,,0,0.44316933219387133,0.0,0.4429251617629105,0.4427490234375,0.051025390625,-0.317138671875,-4.997947940025335,0.04793417453765869,0.0011432674233290774,0.0443115234375,0.052001953125,16384,0.051025390625,-0.0030912160873413086,0.6935678422450983,nan,nan,nan,nan,nan,nan,nan,nan,nan,nan
phi1-pd-lock,pd-fpga-pid,19.123385662000146,,,0,0.4473202295202051,0.0,0.4473202295202051,0.446044921875,0.051025390625,-0.317138671875,-4.997947940025335,0.050032444298267365,0.0021767874500663704,0.0450439453125,0.056396484375,16384,0.051025390625,-0.0009929463267326355,0.6935678422450983,nan,nan,nan,nan,nan,nan,nan,nan,nan,nan
phi1-pd-lock,pd-fpga-pid,19.173784354999952,,,0,0.453302405078745,0.0,0.4542790868025882,0.4532470703125,0.051025390625,-0.317138671875,-4.997947940025335,0.04588795453310013,0.001716902542147664,0.0408935546875,0.0513916015625,16384,0.051025390625,-0.005137436091899872,0.6935678422450983,nan,nan,nan,nan,nan,nan,nan,nan,nan,nan
phi1-pd-lock,pd-fpga-pid,19.223936375999983,,,0,0.46245879623977537,0.0,0.46184837016237335,0.459716796875,0.051025390625,-0.317138671875,-4.997947940025335,0.0466616153717041,0.002957582223900658,0.0400390625,0.0540771484375,16384,0.051025390625,-0.0043637752532958984,0.6935678422450983,nan,nan,nan,nan,nan,nan,nan,nan,nan,nan
phi1-pd-lock,pd-fpga-pid,19.27516915400156,,,0,0.46636552313514834,0.0,0.4655109266267855,0.4649658203125,0.051025390625,-0.317138671875,-4.997947940025335,0.04900337755680084,0.0019086919334047976,0.0443115234375,0.0546875,16384,0.051025390625,-0.0020220130681991577,0.6935678422450983,nan,nan,nan,nan,nan,nan,nan,nan,nan,nan
phi1-pd-lock,pd-fpga-pid,19.324238153001716,,,0,0.4655109266267855,0.0,0.4652667561958247,0.4652099609375,0.051025390625,-0.317138671875,-4.997947940025335,0.050677068531513214,0.001959747384375881,0.045654296875,0.0557861328125,16384,0.051025390625,-0.0003483220934867859,0.6935678422450983,nan,nan,nan,nan,nan,nan,nan,nan,nan,nan
phi1-pd-lock,pd-fpga-pid,19.3741093360004,,,0,0.4670980344280308,0.0,0.4670980344280308,0.4669189453125,0.051025390625,-0.317138671875,-4.997947940025335,0.04991570860147476,0.0014876722562424526,0.0460205078125,0.054931640625,16384,0.051025390625,-0.001109682023525238,0.6935678422450983,nan,nan,nan,nan,nan,nan,nan,nan,nan,nan
phi1-pd-lock,pd-fpga-pid,19.424555409001186,,,0,0.46917348309119766,0.0,0.46905139787571726,0.4683837890625,0.051025390625,-0.317138671875,-4.997947940025335,0.05071917176246643,0.0021391229129136056,0.04541015625,0.05615234375,16384,0.051025390625,-0.00030621886253356934,0.6935678422450983,nan,nan,nan,nan,nan,nan,nan,nan,nan,nan
phi1-pd-lock,pd-fpga-pid,19.474177786001746,,,0,0.472591869124649,0.0,0.4721035282627274,0.4710693359375,0.051025390625,-0.317138671875,-4.997947940025335,0.048644497990608215,0.002553083523557135,0.043212890625,0.0552978515625,16384,0.051025390625,-0.0023808926343917847,0.6935678422450983,nan,nan,nan,nan,nan,nan,nan,nan,nan,nan
phi1-pd-lock,pd-fpga-pid,19.524327391000043,,,0,0.4678305457209132,0.0,0.4677084605054328,0.4693603515625,0.051025390625,-0.317138671875,-4.997947940025335,0.05331485718488693,0.0029166129859005793,0.0465087890625,0.059814453125,16384,0.051025390625,0.0022894665598869324,0.6935678422450983,nan,nan,nan,nan,nan,nan,nan,nan,nan,nan
phi1-pd-lock,pd-fpga-pid,19.574465185000008,,,0,0.46233671102429497,0.0,0.4627029666707362,0.462890625,0.051025390625,-0.317138671875,-4.997947940025335,0.05539701133966446,0.00196588894905996,0.048828125,0.0606689453125,16384,0.051025390625,0.004371620714664459,0.6935678422450983,nan,nan,nan,nan,nan,nan,nan,nan,nan,nan
phi1-pd-lock,pd-fpga-pid,19.62494238600084,,,0,0.46612135270418753,0.0,0.4658771822732267,0.4652099609375,0.051025390625,-0.317138671875,-4.997947940025335,0.04762730002403259,0.0012488027570566314,0.0438232421875,0.05224609375,16384,0.051025390625,-0.0033980906009674072,0.6935678422450983,nan,nan,nan,nan,nan,nan,nan,nan,nan,nan
phi1-pd-lock,pd-fpga-pid,19.674612262000664,,,0,0.4717372726162862,0.0,0.471981443047247,0.4708251953125,0.051025390625,-0.317138671875,-4.997947940025335,0.047113269567489624,0.0021321001528537666,0.0423583984375,0.0537109375,16384,0.051025390625,-0.003912121057510376,0.6935678422450983,nan,nan,nan,nan,nan,nan,nan,nan,nan,nan
phi1-pd-lock,pd-fpga-pid,19.724500558000727,,,0,0.47344646563301185,0.0,0.47344646563301185,0.4736328125,0.051025390625,-0.317138671875,-4.997947940025335,0.05015254765748978,0.0019058972411292528,0.0440673828125,0.0545654296875,16384,0.051025390625,-0.0008728429675102234,0.6935678422450983,nan,nan,nan,nan,nan,nan,nan,nan,nan,nan
phi1-pd-lock,pd-fpga-pid,19.774530810000215,,,0,0.47588816994261995,0.0,0.4749114882187767,0.4744873046875,0.051025390625,-0.317138671875,-4.997947940025335,0.05043502897024155,0.002094883133617142,0.0450439453125,0.055908203125,16384,0.051025390625,-0.0005903616547584534,0.6935678422450983,nan,nan,nan,nan,nan,nan,nan,nan,nan,nan
phi1-pd-lock,pd-fpga-pid,19.82450463600071,,,0,0.4821145159321206,0.0,0.4812599194237578,0.480712890625,0.051025390625,-0.317138671875,-4.997947940025335,0.04626857489347458,0.0015698997315133733,0.04248046875,0.05126953125,16384,0.051025390625,-0.004756815731525421,0.6935678422450983,nan,nan,nan,nan,nan,nan,nan,nan,nan,nan
phi1-pd-lock,pd-fpga-pid,19.874916674001724,,,0,0.48699792455133684,0.0,0.48699792455133684,0.486572265625,0.051025390625,-0.317138671875,-4.997947940025335,0.047715798020362854,0.0017685004532128276,0.0428466796875,0.052734375,16384,0.051025390625,-0.003309592604637146,0.6935678422450983,nan,nan,nan,nan,nan,nan,nan,nan,nan,nan
phi1-pd-lock,pd-fpga-pid,19.924895049000042,,,0,0.4902942253693078,0.0,0.4904163105847882,0.4901123046875,0.051025390625,-0.317138671875,-4.997947940025335,0.05013512074947357,0.0014133590363859352,0.0458984375,0.05517578125,16384,0.051025390625,-0.0008902698755264282,0.6935678422450983,nan,nan,nan,nan,nan,nan,nan,nan,nan,nan
phi1-pd-lock,pd-fpga-pid,19.975160192001567,,,0,0.4887071175680625,0.0,0.4885850323525821,0.4893798828125,0.051025390625,-0.317138671875,-4.997947940025335,0.05242998152971268,0.0020147771791265727,0.04736328125,0.05810546875,16384,0.051025390625,0.001404590904712677,0.6935678422450983,nan,nan,nan,nan,nan,nan,nan,nan,nan,nan
phi1-pd-lock,pd-fpga-pid,20.02531993699995,,,0,0.48760835062873886,0.0,0.48773043584421927,0.488037109375,0.051025390625,-0.317138671875,-4.997947940025335,0.05153275281190872,0.0020082426309866843,0.0457763671875,0.0570068359375,16384,0.051025390625,0.0005073621869087219,0.6935678422450983,nan,nan,nan,nan,nan,nan,nan,nan,nan,nan
phi1-pd-lock,pd-fpga-pid,20.075255071000356,,,0,0.4885850323525821,0.0,0.48931754364546454,0.4891357421875,0.051025390625,-0.317138671875,-4.997947940025335,0.05012775957584381,0.001638575072685324,0.0450439453125,0.0545654296875,16384,0.051025390625,-0.000897631049156189,0.6935678422450983,nan,nan,nan,nan,nan,nan,nan,nan,nan,nan
phi1-pd-lock,pd-fpga-pid,20.12496990100044,,,0,0.4880966914906605,0.0,0.4883408619216213,0.4893798828125,0.051025390625,-0.317138671875,-4.997947940025335,0.05180387943983078,0.002592669467327739,0.045654296875,0.0579833984375,16384,0.051025390625,0.00077848881483078,0.6935678422450983,nan,nan,nan,nan,nan,nan,nan,nan,nan,nan
phi1-pd-lock,pd-fpga-pid,20.17559873600112,,,0,0.48480039067268954,0.0,0.4838237089488463,0.4847412109375,0.051025390625,-0.317138671875,-4.997947940025335,0.05505182594060898,0.0014362136025081998,0.05029296875,0.0595703125,16384,0.051025390625,0.004026435315608978,0.6935678422450983,nan,nan,nan,nan,nan,nan,nan,nan,nan,nan
phi1-pd-lock,pd-fpga-pid,20.225383708000663,,,0,0.47784153339030644,0.0,0.47845195946770847,0.479248046875,0.051025390625,-0.317138671875,-4.997947940025335,0.05489788204431534,0.0014059876391029071,0.05029296875,0.059814453125,16384,0.051025390625,0.003872491419315338,0.6935678422450983,nan,nan,nan,nan,nan,nan,nan,nan,nan,nan
phi1-pd-lock,pd-fpga-pid,20.276852800001507,,,0,0.4750335734342571,0.0,0.47588816994261995,0.475341796875,0.051025390625,-0.317138671875,-4.997947940025335,0.05246522277593613,0.0012709452588085706,0.0477294921875,0.0565185546875,16384,0.051025390625,0.0014398321509361267,0.6935678422450983,nan,nan,nan,nan,nan,nan,nan,nan,nan,nan
phi1-pd-lock,pd-fpga-pid,20.325403505001304,,,0,0.4750335734342571,0.0,0.4746673177878159,0.4747314453125,0.051025390625,-0.317138671875,-4.997947940025335,0.05219763517379761,0.001592484224193631,0.047119140625,0.05712890625,16384,0.051025390625,0.0011722445487976074,0.6935678422450983,nan,nan,nan,nan,nan,nan,nan,nan,nan,nan
phi1-pd-lock,pd-fpga-pid,20.37595071800024,,,0,0.4721035282627274,0.0,0.4723476986936882,0.4720458984375,0.051025390625,-0.317138671875,-4.997947940025335,0.05298914760351181,0.001521283236281608,0.0487060546875,0.0587158203125,16384,0.051025390625,0.0019637569785118103,0.6935678422450983,nan,nan,nan,nan,nan,nan,nan,nan,nan,nan
phi1-pd-lock,pd-fpga-pid,20.42553710700122,,,0,0.4721035282627274,0.0,0.4722256134782078,0.472900390625,0.051025390625,-0.317138671875,-4.997947940025335,0.05002332478761673,0.0016190496752977563,0.045166015625,0.05419921875,16384,0.051025390625,-0.0010020658373832703,0.6935678422450983,nan,nan,nan,nan,nan,nan,nan,nan,nan,nan
phi1-pd-lock,pd-fpga-pid,20.475734462001128,,,0,0.47100476132340374,0.0,0.47088267610792334,0.4715576171875,0.051025390625,-0.317138671875,-4.997947940025335,0.052422940731048584,0.002025595477635168,0.048583984375,0.0589599609375,16384,0.051025390625,0.001397550106048584,0.6935678422450983,nan,nan,nan,nan,nan,nan,nan,nan,nan,nan
phi1-pd-lock,pd-fpga-pid,20.525708258001032,,,0,0.46624343791966794,0.0,0.46685386399706996,0.4674072265625,0.051025390625,-0.317138671875,-4.997947940025335,0.05430394411087036,0.0022810951134750205,0.047119140625,0.0595703125,16384,0.051025390625,0.0032785534858703613,0.6935678422450983,nan,nan,nan,nan,nan,nan,nan,nan,nan,nan
phi1-pd-lock,pd-fpga-pid,21.00890442200034,,,1,0.44548895128799904,0.0,0.4451226956415578,0.446044921875,0.05029296875,-0.317138671875,-4.997947940025335,0.053997285664081573,0.0018300282676159533,0.0491943359375,0.059326171875,16384,0.05029296875,0.0037043169140815735,0.6935678422450983,-0.09350767724182685,-0.0006928088223403017,-0.7327446985271621,-0.646845236480771,0.02875592181141752,-0.27205756045109747,-0.9618512258983575,-1.8464438918154717,1.542036440448216,nan
phi1-pd-lock,pd-fpga-pid,21.033140907000416,,,0,0.44402392870223417,0.0,0.4445122695641558,0.4449462890625,0.05029296875,-0.317138671875,-4.997947940025335,0.05159614980220795,0.0017425690068420961,0.0462646484375,0.056640625,16384,0.05029296875,0.0013031810522079468,0.6935678422450983,nan,nan,nan,nan,nan,nan,nan,nan,nan,nan
phi1-pd-lock,pd-fpga-pid,21.083011389000603,,,0,0.43682090098889026,0.0,0.43682090098889026,0.4393310546875,0.05029296875,-0.317138671875,-4.997947940025335,0.05527888983488083,0.002024751794939447,0.05029296875,0.061279296875,16384,0.05029296875,0.004985921084880829,0.6935678422450983,nan,nan,nan,nan,nan,nan,nan,nan,nan,nan
phi1-pd-lock,pd-fpga-pid,21.132886330000474,,,0,0.4285191063362227,0.0,0.4287632767671835,0.430419921875,0.05029296875,-0.317138671875,-4.997947940025335,0.05672271549701691,0.0018373274043050228,0.051025390625,0.06201171875,16384,0.05029296875,0.006429746747016907,0.6935678422450983,nan,nan,nan,nan,nan,nan,nan,nan,nan,nan
phi1-pd-lock,pd-fpga-pid,21.18312393100132,,,0,0.42497863508729095,0.0,0.42485654987181054,0.4254150390625,0.05029296875,-0.317138671875,-4.997947940025335,0.05343730002641678,0.0019169423949911713,0.0489501953125,0.0594482421875,16384,0.05029296875,0.0031443312764167786,0.6935678422450983,nan,nan,nan,nan,nan,nan,nan,nan,nan,nan
phi1-pd-lock,pd-fpga-pid,21.23369560900028,,,0,0.4237577829324869,0.0,0.4236356977170065,0.42431640625,0.05029296875,-0.317138671875,-4.997947940025335,0.05054033547639847,0.0009246370748615348,0.0474853515625,0.053955078125,16384,0.05029296875,0.000247366726398468,0.6935678422450983,nan,nan,nan,nan,nan,nan,nan,nan,nan,nan
phi1-pd-lock,pd-fpga-pid,21.284727019001366,,,0,0.42534489073373216,0.0,0.42522280551825176,0.4248046875,0.05029296875,-0.317138671875,-4.997947940025335,0.05092710256576538,0.0023554091686472764,0.0435791015625,0.05615234375,16384,0.05029296875,0.0006341338157653809,0.6935678422450983,nan,nan,nan,nan,nan,nan,nan,nan,nan,nan
phi1-pd-lock,pd-fpga-pid,21.333158811999965,,,0,0.42302527163960446,0.0,0.42265901599316325,0.4228515625,0.05029296875,-0.317138671875,-4.997947940025335,0.05224674195051193,0.0019031364990261793,0.0474853515625,0.0576171875,16384,0.05029296875,0.0019537732005119324,0.6935678422450983,nan,nan,nan,nan,nan,nan,nan,nan,nan,nan
phi1-pd-lock,pd-fpga-pid,21.383629280000605,,,0,0.41631058478818217,0.0,0.4164326700036626,0.4171142578125,0.05029296875,-0.317138671875,-4.997947940025335,0.054566070437431335,0.0012525747217696653,0.0501708984375,0.058837890625,16384,0.05029296875,0.0042731016874313354,0.6935678422450983,nan,nan,nan,nan,nan,nan,nan,nan,nan,nan
phi1-pd-lock,pd-fpga-pid,21.433437616000447,,,0,0.4152118178488585,0.0,0.4146013917714565,0.4154052734375,0.05029296875,-0.317138671875,-4.997947940025335,0.05030451714992523,0.002219883290061128,0.0438232421875,0.056396484375,16384,0.05029296875,1.1548399925231934e-05,0.6935678422450983,nan,nan,nan,nan,nan,nan,nan,nan,nan,nan
phi1-pd-lock,pd-fpga-pid,21.483676980000382,,,0,0.4125259431082896,0.0,0.4128921987547308,0.412353515625,0.05029296875,-0.317138671875,-4.997947940025335,0.05294555425643921,0.0012856412093202188,0.0489501953125,0.0567626953125,16384,0.05029296875,0.002652585506439209,0.6935678422450983,nan,nan,nan,nan,nan,nan,nan,nan,nan,nan
phi1-pd-lock,pd-fpga-pid,21.53366475200164,,,0,0.41582224392626055,0.0,0.41570015871078014,0.415283203125,0.05029296875,-0.317138671875,-4.997947940025335,0.0479435995221138,0.0014117089997660104,0.0435791015625,0.0518798828125,16384,0.05029296875,-0.0023493692278862,0.6935678422450983,nan,nan,nan,nan,nan,nan,nan,nan,nan,nan
phi1-pd-lock,pd-fpga-pid,21.583816262000255,,,0,0.4196068856061531,0.0,0.4192406299597119,0.4189453125,0.05029296875,-0.317138671875,-4.997947940025335,0.048723720014095306,0.0014670325488716199,0.0443115234375,0.0531005859375,16384,0.05029296875,-0.0015692487359046936,0.6935678422450983,nan,nan,nan,nan,nan,nan,nan,nan,nan,nan
phi1-pd-lock,pd-fpga-pid,21.63414763900073,,,0,0.4215602490538396,0.0,0.4219265047002808,0.42138671875,0.05029296875,-0.317138671875,-4.997947940025335,0.04848352074623108,0.0020314424092806502,0.0435791015625,0.0550537109375,16384,0.05029296875,-0.001809448003768921,0.6935678422450983,nan,nan,nan,nan,nan,nan,nan,nan,nan,nan
phi1-pd-lock,pd-fpga-pid,21.684020986000178,,,0,0.4303503845684288,0.0,0.43010621413746797,0.427978515625,0.05029296875,-0.317138671875,-4.997947940025335,0.045491404831409454,0.0016250506137482476,0.0404052734375,0.0509033203125,16384,0.05029296875,-0.004801563918590546,0.6935678422450983,nan,nan,nan,nan,nan,nan,nan,nan,nan,nan
phi1-pd-lock,pd-fpga-pid,21.734035419000065,,,0,0.4336466853863997,0.0,0.43389085581736053,0.43359375,0.05029296875,-0.317138671875,-4.997947940025335,0.04757361114025116,0.0015147029593462298,0.0430908203125,0.05224609375,16384,0.05029296875,-0.0027193576097488403,0.6935678422450983,nan,nan,nan,nan,nan,nan,nan,nan,nan,nan
phi1-pd-lock,pd-fpga-pid,21.78403547400012,,,0,0.4374313270662923,0.0,0.4373092418508119,0.436767578125,0.05029296875,-0.317138671875,-4.997947940025335,0.04814154654741287,0.0017665890027287307,0.04345703125,0.053466796875,16384,0.05029296875,-0.0021514222025871277,0.6935678422450983,nan,nan,nan,nan,nan,nan,nan,nan,nan,nan
phi1-pd-lock,pd-fpga-pid,21.835151634000795,,,0,0.4419484800390673,0.0,0.44158222439262607,0.4403076171875,0.05029296875,-0.317138671875,-4.997947940025335,0.04828996956348419,0.002220032350436344,0.0423583984375,0.0545654296875,16384,0.05029296875,-0.002002999186515808,0.6935678422450983,nan,nan,nan,nan,nan,nan,nan,nan,nan,nan
phi1-pd-lock,pd-fpga-pid,21.884570769001584,,,0,0.4419484800390673,0.0,0.4421926504700281,0.4415283203125,0.05029296875,-0.317138671875,-4.997947940025335,0.04892714321613312,0.0024914346300228423,0.0433349609375,0.055419921875,16384,0.05029296875,-0.0013658255338668823,0.6935678422450983,nan,nan,nan,nan,nan,nan,nan,nan,nan,nan
phi1-pd-lock,pd-fpga-pid,21.934499230001165,,,0,0.44573312171895985,0.0,0.4452447808570382,0.44384765625,0.05029296875,-0.317138671875,-4.997947940025335,0.04803367704153061,0.002096347723792794,0.04345703125,0.0552978515625,16384,0.05029296875,-0.002259291708469391,0.6935678422450983,nan,nan,nan,nan,nan,nan,nan,nan,nan,nan
phi1-pd-lock,pd-fpga-pid,21.984481532001155,,,0,0.4519594677084605,0.0,0.4515932120620193,0.4495849609375,0.05029296875,-0.317138671875,-4.997947940025335,0.04675568640232086,0.0014060276455470989,0.0418701171875,0.0504150390625,16384,0.05029296875,-0.003537282347679138,0.6935678422450983,nan,nan,nan,nan,nan,nan,nan,nan,nan,nan
phi1-pd-lock,pd-fpga-pid,22.034500793000916,,,0,0.4534244902942254,0.0,0.4536686607251862,0.453857421875,0.05029296875,-0.317138671875,-4.997947940025335,0.04833075404167175,0.0015102904962203474,0.0430908203125,0.0528564453125,16384,0.05029296875,-0.001962214708328247,0.6935678422450983,nan,nan,nan,nan,nan,nan,nan,nan,nan,nan
phi1-pd-lock,pd-fpga-pid,22.08466666000095,,,0,0.45281406421682335,0.0,0.4519594677084605,0.452880859375,0.05029296875,-0.317138671875,-4.997947940025335,0.05074559897184372,0.0026953167158729084,0.0447998046875,0.0587158203125,16384,0.05029296875,0.0004526302218437195,0.6935678422450983,nan,nan,nan,nan,nan,nan,nan,nan,nan,nan
phi1-pd-lock,pd-fpga-pid,22.136140881000756,,,0,0.4497619338298132,0.0,0.4495177633988524,0.4505615234375,0.05029296875,-0.317138671875,-4.997947940025335,0.05215694010257721,0.0016220272291851967,0.0465087890625,0.05712890625,16384,0.05029296875,0.0018639713525772095,0.6935678422450983,nan,nan,nan,nan,nan,nan,nan,nan,nan,nan
phi1-pd-lock,pd-fpga-pid,22.184780262999993,,,0,0.444878525210597,0.0,0.4443901843486754,0.4456787109375,0.05029296875,-0.317138671875,-4.997947940025335,0.05418854206800461,0.0017272339010628163,0.0498046875,0.059814453125,16384,0.05029296875,0.003895573318004608,0.6935678422450983,nan,nan,nan,nan,nan,nan,nan,nan,nan,nan
phi1-pd-lock,pd-fpga-pid,22.234672366001178,,,0,0.4380417531436943,0.0,0.4379196679282139,0.439208984375,0.05029296875,-0.317138671875,-4.997947940025335,0.05436903238296509,0.001467341211963444,0.05029296875,0.058837890625,16384,0.05029296875,0.004076063632965088,0.6935678422450983,nan,nan,nan,nan,nan,nan,nan,nan,nan,nan
phi1-pd-lock,pd-fpga-pid,22.284555562000605,,,0,0.4290074471981443,0.0,0.4282749359052619,0.4310302734375,0.05029296875,-0.317138671875,-4.997947940025335,0.056407056748867035,0.0013693953273613319,0.05224609375,0.060791015625,16384,0.05029296875,0.006114087998867035,0.6935678422450983,nan,nan,nan,nan,nan,nan,nan,nan,nan,nan
phi1-pd-lock,pd-fpga-pid,22.334595883001384,,,0,0.42009522646807473,0.0,0.42070565254547676,0.4215087890625,0.05029296875,-0.317138671875,-4.997947940025335,0.05629216134548187,0.0022791578528911986,0.05078125,0.062255859375,16384,0.05029296875,0.0059991925954818726,0.6935678422450983,nan,nan,nan,nan,nan,nan,nan,nan,nan,nan
phi1-pd-lock,pd-fpga-pid,22.38460333200055,,,0,0.42168233426932,0.0,0.4219265047002808,0.4212646484375,0.05029296875,-0.317138671875,-4.997947940025335,0.050132691860198975,0.001267059246650352,0.0455322265625,0.053955078125,16384,0.05029296875,-0.0001602768898010254,0.6935678422450983,nan,nan,nan,nan,nan,nan,nan,nan,nan,nan
phi1-pd-lock,pd-fpga-pid,22.43725527300012,,,0,0.4215602490538396,0.0,0.4220485899157612,0.421630859375,0.05029296875,-0.317138671875,-4.997947940025335,0.0501754954457283,0.0016680185729752394,0.044921875,0.0552978515625,16384,0.05029296875,-0.000117473304271698,0.6935678422450983,nan,nan,nan,nan,nan,nan,nan,nan,nan,nan
phi1-pd-lock,pd-fpga-pid,22.485412420001012,,,0,0.42302527163960446,0.0,0.4233915272860457,0.4227294921875,0.05029296875,-0.317138671875,-4.997947940025335,0.04977431148290634,0.0016213149106632,0.044189453125,0.054443359375,16384,0.05029296875,-0.0005186572670936584,0.6935678422450983,nan,nan,nan,nan,nan,nan,nan,nan,nan,nan
phi1-pd-lock,pd-fpga-pid,22.535191762000977,,,0,0.4265657428885362,0.0,0.42717616896593824,0.427001953125,0.05029296875,-0.317138671875,-4.997947940025335,0.04740876704454422,0.002614925266694477,0.041015625,0.0546875,16384,0.05029296875,-0.00288420170545578,0.6935678422450983,nan,nan,nan,nan,nan,nan,nan,nan,nan,nan
phi1-pd-lock,pd-fpga-pid,23.01225263300148,,,1,0.4605054327920889,0.0,0.4603833475766085,0.459228515625,0.05078125,-0.317138671875,-4.997947940025335,0.04994790256023407,0.0016533798590089993,0.044921875,0.0546875,16384,0.05078125,-0.0008333474397659302,0.6935678422450983,0.06486983509421052,0.00048062785198696407,-0.7278456574895399,-0.5671163531179069,0.0485622080829425,-0.42002991959987485,-0.9062100079931978,-2.004821404151509,1.5222150111482893,nan
phi1-pd-lock,pd-fpga-pid,23.036523442000544,,,0,0.46197045537785375,0.0,0.46184837016237335,0.4615478515625,0.05078125,-0.317138671875,-4.997947940025335,0.04778120666742325,0.0016657380450341597,0.04248046875,0.052734375,16384,0.05078125,-0.0030000433325767517,0.6935678422450983,nan,nan,nan,nan,nan,nan,nan,nan,nan,nan
phi1-pd-lock,pd-fpga-pid,23.086422949001644,,,0,0.4657550970577463,0.0,0.4653888414113051,0.46533203125,0.05078125,-0.317138671875,-4.997947940025335,0.04843030869960785,0.0023604299932212538,0.0428466796875,0.0540771484375,16384,0.05078125,-0.002350941300392151,0.6935678422450983,nan,nan,nan,nan,nan,nan,nan,nan,nan,nan
phi1-pd-lock,pd-fpga-pid,23.1363455790015,,,0,0.4670980344280308,0.0,0.46660969356610915,0.467041015625,0.05078125,-0.317138671875,-4.997947940025335,0.050114937126636505,0.0014588024358185984,0.045654296875,0.0546875,16384,0.05078125,-0.0006663128733634949,0.6935678422450983,nan,nan,nan,nan,nan,nan,nan,nan,nan,nan
phi1-pd-lock,pd-fpga-pid,23.186942193000505,,,0,0.46404590404102064,0.0,0.4636796483945794,0.4644775390625,0.05078125,-0.317138671875,-4.997947940025335,0.05297279357910156,0.0019065073065120568,0.0469970703125,0.0572509765625,16384,0.05078125,0.0021915435791015625,0.6935678422450983,nan,nan,nan,nan,nan,nan,nan,nan,nan,nan
phi1-pd-lock,pd-fpga-pid,23.236712868001632,,,0,0.45965083628372605,0.0,0.4603833475766085,0.4609375,0.05078125,-0.317138671875,-4.997947940025335,0.053208544850349426,0.002839951653460156,0.0467529296875,0.0601806640625,16384,0.05078125,0.0024272948503494263,0.6935678422450983,nan,nan,nan,nan,nan,nan,nan,nan,nan,nan
phi1-pd-lock,pd-fpga-pid,23.288274143000308,,,0,0.4563545354657551,0.0,0.45769747283603957,0.4578857421875,0.05078125,-0.317138671875,-4.997947940025335,0.052309200167655945,0.001340586361445887,0.048583984375,0.056884765625,16384,0.05078125,0.0015279501676559448,0.6935678422450983,nan,nan,nan,nan,nan,nan,nan,nan,nan,nan
phi1-pd-lock,pd-fpga-pid,23.336615145000906,,,0,0.45256989378586254,0.0,0.45305823464778416,0.4537353515625,0.05078125,-0.317138671875,-4.997947940025335,0.05387613922357559,0.0019092787413627764,0.0489501953125,0.05908203125,16384,0.05078125,0.003094889223575592,0.6935678422450983,nan,nan,nan,nan,nan,nan,nan,nan,nan,nan
phi1-pd-lock,pd-fpga-pid,23.386933537000004,,,0,0.4514711268465389,0.0,0.4517152972774997,0.450927734375,0.05078125,-0.317138671875,-4.997947940025335,0.05253761261701584,0.00207758665108777,0.0474853515625,0.058837890625,16384,0.05078125,0.0017563626170158386,0.6935678422450983,nan,nan,nan,nan,nan,nan,nan,nan,nan,nan
phi1-pd-lock,pd-fpga-pid,23.43683492800119,,,0,0.4509827859846173,0.0,0.45073861555365646,0.45068359375,0.05078125,-0.317138671875,-4.997947940025335,0.049906305968761444,0.0018870395650742737,0.0445556640625,0.0546875,16384,0.05078125,-0.0008749440312385559,0.6935678422450983,nan,nan,nan,nan,nan,nan,nan,nan,nan,nan
phi1-pd-lock,pd-fpga-pid,23.487069202001294,,,0,0.4536686607251862,0.0,0.4534244902942254,0.4532470703125,0.05078125,-0.317138671875,-4.997947940025335,0.049478404223918915,0.0016483129155780757,0.04443359375,0.0540771484375,16384,0.05078125,-0.0013028457760810852,0.6935678422450983,nan,nan,nan,nan,nan,nan,nan,nan,nan,nan
phi1-pd-lock,pd-fpga-pid,23.53712203700161,,,0,0.4567207911121963,0.0,0.45745330240507875,0.4559326171875,0.05078125,-0.317138671875,-4.997947940025335,0.04872556030750275,0.0017145599343180162,0.044189453125,0.0540771484375,16384,0.05078125,-0.0020556896924972534,0.6935678422450983,nan,nan,nan,nan,nan,nan,nan,nan,nan,nan
phi1-pd-lock,pd-fpga-pid,23.587206600001082,,,0,0.46013917714564767,0.0,0.45952875106824564,0.4595947265625,0.05078125,-0.317138671875,-4.997947940025335,0.048092909157276154,0.0019243461491847942,0.043701171875,0.05419921875,16384,0.05078125,-0.0026883408427238464,0.6935678422450983,nan,nan,nan,nan,nan,nan,nan,nan,nan,nan
phi1-pd-lock,pd-fpga-pid,23.637993422000363,,,0,0.4612379440849713,0.0,0.4613600293004517,0.4608154296875,0.05078125,-0.317138671875,-4.997947940025335,0.049981385469436646,0.0014304004811773166,0.0460205078125,0.0546875,16384,0.05078125,-0.0007998645305633545,0.6935678422450983,nan,nan,nan,nan,nan,nan,nan,nan,nan,nan
phi1-pd-lock,pd-fpga-pid,23.687145636000423,,,0,0.46160419973141253,0.0,0.46148211451593213,0.4608154296875,0.05078125,-0.317138671875,-4.997947940025335,0.05100163072347641,0.0017920233923432048,0.0458984375,0.0552978515625,16384,0.05078125,0.0002203807234764099,0.6935678422450983,nan,nan,nan,nan,nan,nan,nan,nan,nan,nan
phi1-pd-lock,pd-fpga-pid,23.737156281000352,,,0,0.45977292149920646,0.0,0.46013917714564767,0.46044921875,0.05078125,-0.317138671875,-4.997947940025335,0.05175825208425522,0.0018581434989545119,0.0467529296875,0.0572509765625,16384,0.05078125,0.0009770020842552185,0.6935678422450983,nan,nan,nan,nan,nan,nan,nan,nan,nan,nan
phi1-pd-lock,pd-fpga-pid,23.787144825000723,,,0,0.4565987058967159,0.0,0.45708704675863754,0.45703125,0.05078125,-0.317138671875,-4.997947940025335,0.052284277975559235,0.0016438025477592832,0.0474853515625,0.0572509765625,16384,0.05078125,0.0015030279755592346,0.6935678422450983,nan,nan,nan,nan,nan,nan,nan,nan,nan,nan
phi1-pd-lock,pd-fpga-pid,23.83734346300116,,,0,0.45281406421682335,0.0,0.4541570015871078,0.4542236328125,0.05078125,-0.317138671875,-4.997947940025335,0.052929580211639404,0.0016951514772075218,0.048095703125,0.0584716796875,16384,0.05078125,0.0021483302116394043,0.6935678422450983,nan,nan,nan,nan,nan,nan,nan,nan,nan,nan
phi1-pd-lock,pd-fpga-pid,23.88750149400039,,,0,0.45025027469173484,0.0,0.45000610426077403,0.4501953125,0.05078125,-0.317138671875,-4.997947940025335,0.05342533439397812,0.0010142301867505181,0.050048828125,0.0576171875,16384,0.05078125,0.002644084393978119,0.6935678422450983,nan,nan,nan,nan,nan,nan,nan,nan,nan,nan
phi1-pd-lock,pd-fpga-pid,23.93764361600006,,,0,0.44561103650347944,0.0,0.4452447808570382,0.446044921875,0.05078125,-0.317138671875,-4.997947940025335,0.05259321630001068,0.002147885310273094,0.0477294921875,0.0592041015625,16384,0.05078125,0.0018119663000106812,0.6935678422450983,nan,nan,nan,nan,nan,nan,nan,nan,nan,nan
phi1-pd-lock,pd-fpga-pid,23.987848606000625,,,0,0.4470760590892443,0.0,0.4470760590892443,0.4456787109375,0.05078125,-0.317138671875,-4.997947940025335,0.05061839520931244,0.0016279997416897673,0.0458984375,0.0556640625,16384,0.05078125,-0.00016285479068756104,0.6935678422450983,nan,nan,nan,nan,nan,nan,nan,nan,nan,nan
phi1-pd-lock,pd-fpga-pid,24.03790698100056,,,0,0.4451226956415578,0.0,0.44402392870223417,0.44482421875,0.05078125,-0.317138671875,-4.997947940025335,0.05178254842758179,0.001361418519801576,0.047607421875,0.0562744140625,16384,0.05078125,0.0010012984275817871,0.6935678422450983,nan,nan,nan,nan,nan,nan,nan,nan,nan,nan
phi1-pd-lock,pd-fpga-pid,24.087731567000446,,,0,0.44622146258088147,0.0,0.44609937736540106,0.446044921875,0.05078125,-0.317138671875,-4.997947940025335,0.04884059727191925,0.002118983417979682,0.043212890625,0.05517578125,16384,0.05078125,-0.0019406527280807495,0.6935678422450983,nan,nan,nan,nan,nan,nan,nan,nan,nan,nan
phi1-pd-lock,pd-fpga-pid,24.138134538001395,,,0,0.4490294225369308,0.0,0.4490294225369308,0.448974609375,0.05078125,-0.317138671875,-4.997947940025335,0.04885286092758179,0.0015504090896471356,0.04443359375,0.0537109375,16384,0.05078125,-0.0019283890724182129,0.6935678422450983,nan,nan,nan,nan,nan,nan,nan,nan,nan,nan
phi1-pd-lock,pd-fpga-pid,24.18886476300031,,,0,0.4515932120620193,0.0,0.4518373824929801,0.451904296875,0.05078125,-0.317138671875,-4.997947940025335,0.04926060885190964,0.0017166253820335058,0.0450439453125,0.054443359375,16384,0.05078125,-0.0015206411480903625,0.6935678422450983,nan,nan,nan,nan,nan,nan,nan,nan,nan,nan
phi1-pd-lock,pd-fpga-pid,24.238823120000234,,,0,0.4536686607251862,0.0,0.4537907459406666,0.453125,0.05078125,-0.317138671875,-4.997947940025335,0.050084374845027924,0.0013183365852902744,0.045166015625,0.0538330078125,16384,0.05078125,-0.0006968751549720764,0.6935678422450983,nan,nan,nan,nan,nan,nan,nan,nan,nan,nan
phi1-pd-lock,pd-fpga-pid,24.288141737000842,,,0,0.45525576852643146,0.0,0.45488951287999024,0.455810546875,0.05078125,-0.317138671875,-4.997947940025335,0.0488198921084404,0.0024349269112642112,0.0428466796875,0.05517578125,16384,0.05078125,-0.001961357891559601,0.6935678422450983,nan,nan,nan,nan,nan,nan,nan,nan,nan,nan
phi1-pd-lock,pd-fpga-pid,24.338222734000738,,,0,0.4522036381394213,0.0,0.4518373824929801,0.452880859375,0.05078125,-0.317138671875,-4.997947940025335,0.05349782854318619,0.0025384847365575824,0.0465087890625,0.05908203125,16384,0.05078125,0.0027165785431861877,0.6935678422450983,nan,nan,nan,nan,nan,nan,nan,nan,nan,nan
phi1-pd-lock,pd-fpga-pid,24.388442000001305,,,0,0.4495177633988524,0.0,0.4496398486143328,0.4498291015625,0.05078125,-0.317138671875,-4.997947940025335,0.05284179747104645,0.001972312870803564,0.04638671875,0.05908203125,16384,0.05078125,0.0020605474710464478,0.6935678422450983,nan,nan,nan,nan,nan,nan,nan,nan,nan,nan
phi1-pd-lock,pd-fpga-pid,24.43861689300138,,,0,0.4491515077524112,0.0,0.4490294225369308,0.4490966796875,0.05078125,-0.317138671875,-4.997947940025335,0.05077354609966278,0.0011796703597749144,0.0469970703125,0.0546875,16384,0.05078125,-7.703900337219238e-06,0.6935678422450983,nan,nan,nan,nan,nan,nan,nan,nan,nan,nan
phi1-pd-lock,pd-fpga-pid,24.488662925001336,,,0,0.4517152972774997,0.0,0.4520815529239409,0.452392578125,0.05078125,-0.317138671875,-4.997947940025335,0.04780986160039902,0.0017338992403349489,0.04296875,0.052734375,16384,0.05078125,-0.0029713883996009827,0.6935678422450983,nan,nan,nan,nan,nan,nan,nan,nan,nan,nan
phi1-pd-lock,pd-fpga-pid,24.538795388001745,,,0,0.45501159809547065,0.0,0.45501159809547065,0.45458984375,0.05078125,-0.317138671875,-4.997947940025335,0.050661601126194,0.001884537801709444,0.04541015625,0.0562744140625,16384,0.05078125,-0.00011964887380599976,0.6935678422450983,nan,nan,nan,nan,nan,nan,nan,nan,nan,nan
phi1-pd-lock,pd-fpga-pid,25.02147547200002,,,1,0.4672201196435112,0.0,0.4670980344280308,0.4674072265625,0.051025390625,-0.317138671875,-4.997947940025335,0.0530017614364624,0.002061510778020947,0.04833984375,0.05859375,16384,0.051025390625,0.0019763708114624023,0.6935678422450983,0.02759705652743838,0.00020446967347276804,-0.7467869124095928,-0.5864895854265754,0.02988680408799884,-0.386252342944053,-0.9219088385039138,-1.967548625584737,1.5409050716637736,nan
phi1-pd-lock,pd-fpga-pid,25.04603616500026,,,0,0.4673422048589916,0.0,0.4672201196435112,0.4674072265625,0.051025390625,-0.317138671875,-4.997947940025335,0.05060996115207672,0.0015402996009271702,0.046142578125,0.0555419921875,16384,0.051025390625,-0.0004154294729232788,0.6935678422450983,nan,nan,nan,nan,nan,nan,nan,nan,nan,nan
phi1-pd-lock,pd-fpga-pid,25.095501908001097,,,0,0.47124893175436455,0.0,0.4703943352460017,0.4698486328125,0.051025390625,-0.317138671875,-4.997947940025335,0.04803924262523651,0.0025254727431759153,0.0421142578125,0.0550537109375,16384,0.051025390625,-0.0029861479997634888,0.6935678422450983,nan,nan,nan,nan,nan,nan,nan,nan,nan,nan
phi1-pd-lock,pd-fpga-pid,25.145595278001565,,,0,0.476498596020022,0.0,0.477109022097424,0.4755859375,0.051025390625,-0.317138671875,-4.997947940025335,0.0463859960436821,0.001779579381629237,0.0411376953125,0.0517578125,16384,0.051025390625,-0.004639394581317902,0.6935678422450983,nan,nan,nan,nan,nan,nan,nan,nan,nan,nan
phi1-pd-lock,pd-fpga-pid,25.19589909300157,,,0,0.48003906726895373,0.0,0.47991698205347333,0.4798583984375,0.051025390625,-0.317138671875,-4.997947940025335,0.0482935830950737,0.0020488023062100592,0.0438232421875,0.0535888671875,16384,0.051025390625,-0.0027318075299263,0.6935678422450983,nan,nan,nan,nan,nan,nan,nan,nan,nan,nan
phi1-pd-lock,pd-fpga-pid,25.247348768001757,,,0,0.4812599194237578,0.0,0.4817482602856794,0.481689453125,0.051025390625,-0.317138671875,-4.997947940025335,0.050745151937007904,0.0019615233661265793,0.044921875,0.055908203125,16384,0.051025390625,-0.00028023868799209595,0.6935678422450983,nan,nan,nan,nan,nan,nan,nan,nan,nan,nan
phi1-pd-lock,pd-fpga-pid,25.295911236000393,,,0,0.47625442558906117,0.0,0.47588816994261995,0.477294921875,0.051025390625,-0.317138671875,-4.997947940025335,0.054555900394916534,0.0008891350466435457,0.051513671875,0.05859375,16384,0.051025390625,0.0035305097699165344,0.6935678422450983,nan,nan,nan,nan,nan,nan,nan,nan,nan,nan
phi1-pd-lock,pd-fpga-pid,25.34602299100152,,,0,0.4722256134782078,0.0,0.471981443047247,0.4725341796875,0.051025390625,-0.317138671875,-4.997947940025335,0.05337703973054886,0.0010957593207554979,0.0499267578125,0.057373046875,16384,0.051025390625,0.0023516491055488586,0.6935678422450983,nan,nan,nan,nan,nan,nan,nan,nan,nan,nan
phi1-pd-lock,pd-fpga-pid,25.396175251000386,,,0,0.46905139787571726,0.0,0.46929556830667807,0.4703369140625,0.051025390625,-0.317138671875,-4.997947940025335,0.05214962363243103,0.0015263179544033017,0.0477294921875,0.057373046875,16384,0.051025390625,0.0011242330074310303,0.6935678422450983,nan,nan,nan,nan,nan,nan,nan,nan,nan,nan
phi1-pd-lock,pd-fpga-pid,25.446329336000417,,,0,0.46636552313514834,0.0,0.46648760835062875,0.4671630859375,0.051025390625,-0.317138671875,-4.997947940025335,0.05297062546014786,0.0014693217050084377,0.048095703125,0.0579833984375,16384,0.051025390625,0.0019452348351478577,0.6935678422450983,nan,nan,nan,nan,nan,nan,nan,nan,nan,nan
phi1-pd-lock,pd-fpga-pid,25.496051209000143,,,0,0.46172628494689294,0.0,0.4628250518862166,0.46337890625,0.051025390625,-0.317138671875,-4.997947940025335,0.05333013832569122,0.001861490186659985,0.0491943359375,0.058837890625,16384,0.051025390625,0.002304747700691223,0.6935678422450983,nan,nan,nan,nan,nan,nan,nan,nan,nan,nan
phi1-pd-lock,pd-fpga-pid,25.54618377299994,,,0,0.4609937736540105,0.0,0.4611158588694909,0.4617919921875,0.051025390625,-0.317138671875,-4.997947940025335,0.05154578387737274,0.0016662522235554875,0.046630859375,0.0565185546875,16384,0.051025390625,0.0005203932523727417,0.6935678422450983,nan,nan,nan,nan,nan,nan,nan,nan,nan,nan
phi1-pd-lock,pd-fpga-pid,25.596790155001145,,,0,0.46172628494689294,0.0,0.46184837016237335,0.461669921875,0.051025390625,-0.317138671875,-4.997947940025335,0.05143655091524124,0.002327877690118913,0.0457763671875,0.0577392578125,16384,0.051025390625,0.00041116029024124146,0.6935678422450983,nan,nan,nan,nan,nan,nan,nan,nan,nan,nan
phi1-pd-lock,pd-fpga-pid,25.646745477000877,,,0,0.45928458063728483,0.0,0.45940666585276524,0.459716796875,0.051025390625,-0.317138671875,-4.997947940025335,0.052570655941963196,0.0016256655789014928,0.0482177734375,0.05810546875,16384,0.051025390625,0.0015452653169631958,0.6935678422450983,nan,nan,nan,nan,nan,nan,nan,nan,nan,nan
phi1-pd-lock,pd-fpga-pid,25.6964926870005,,,0,0.4611158588694909,0.0,0.46184837016237335,0.460693359375,0.051025390625,-0.317138671875,-4.997947940025335,0.049910157918930054,0.0009476955987676487,0.046875,0.053466796875,16384,0.051025390625,-0.0011152327060699463,0.6935678422450983,nan,nan,nan,nan,nan,nan,nan,nan,nan,nan
phi1-pd-lock,pd-fpga-pid,25.746653444000913,,,0,0.46245879623977537,0.0,0.4627029666707362,0.4632568359375,0.051025390625,-0.317138671875,-4.997947940025335,0.04930487275123596,0.0025440923876451377,0.043701171875,0.0562744140625,16384,0.051025390625,-0.001720517873764038,0.6935678422450983,nan,nan,nan,nan,nan,nan,nan,nan,nan,nan
phi1-pd-lock,pd-fpga-pid,25.79672801900051,,,0,0.4675863752899524,0.0,0.468074716151874,0.4658203125,0.051025390625,-0.317138671875,-4.997947940025335,0.04880024492740631,0.00283403853294645,0.04150390625,0.05615234375,16384,0.051025390625,-0.002225145697593689,0.6935678422450983,nan,nan,nan,nan,nan,nan,nan,nan,nan,nan
phi1-pd-lock,pd-fpga-pid,25.848232307000217,,,0,0.46892931266023685,0.0,0.4695397387376389,0.4683837890625,0.051025390625,-0.317138671875,-4.997947940025335,0.04914776235818863,0.001685330071023324,0.043701171875,0.0545654296875,16384,0.051025390625,-0.0018776282668113708,0.6935678422450983,nan,nan,nan,nan,nan,nan,nan,nan,nan,nan
phi1-pd-lock,pd-fpga-pid,25.896944746000372,,,0,0.4740568917104139,0.0,0.47332438041753144,0.471923828125,0.051025390625,-0.317138671875,-4.997947940025335,0.04835768789052963,0.002467073967250666,0.0418701171875,0.05615234375,16384,0.051025390625,-0.0026677027344703674,0.6935678422450983,nan,nan,nan,nan,nan,nan,nan,nan,nan,nan
phi1-pd-lock,pd-fpga-pid,25.947073833000104,,,0,0.47149310218532536,0.0,0.47088267610792334,0.4716796875,0.051025390625,-0.317138671875,-4.997947940025335,0.051676467061042786,0.0017167378600927035,0.0467529296875,0.0567626953125,16384,0.051025390625,0.0006510764360427856,0.6935678422450983,nan,nan,nan,nan,nan,nan,nan,nan,nan,nan
phi1-pd-lock,pd-fpga-pid,25.997388198000408,,,0,0.46880722744475645,0.0,0.46868514222927604,0.4688720703125,0.051025390625,-0.317138671875,-4.997947940025335,0.05282960087060928,0.0027454500821982065,0.0467529296875,0.060302734375,16384,0.051025390625,0.0018042102456092834,0.6935678422450983,nan,nan,nan,nan,nan,nan,nan,nan,nan,nan
phi1-pd-lock,pd-fpga-pid,26.04911680600162,,,0,0.46380173361005983,0.0,0.4633133927481382,0.465576171875,0.051025390625,-0.317138671875,-4.997947940025335,0.05335818976163864,0.002061436624611349,0.047607421875,0.05908203125,16384,0.051025390625,0.0023327991366386414,0.6935678422450983,nan,nan,nan,nan,nan,nan,nan,nan,nan,nan
phi1-pd-lock,pd-fpga-pid,26.096746925000843,,,0,0.4633133927481382,0.0,0.4633133927481382,0.4632568359375,0.051025390625,-0.317138671875,-4.997947940025335,0.052115298807621,0.002299566722407534,0.0457763671875,0.0592041015625,16384,0.051025390625,0.0010899081826210022,0.6935678422450983,nan,nan,nan,nan,nan,nan,nan,nan,nan,nan
phi1-pd-lock,pd-fpga-pid,26.1469621740016,,,0,0.4602612623611281,0.0,0.45940666585276524,0.460693359375,0.051025390625,-0.317138671875,-4.997947940025335,0.05233648419380188,0.0018822613992206323,0.0467529296875,0.0579833984375,16384,0.051025390625,0.0013110935688018799,0.6935678422450983,nan,nan,nan,nan,nan,nan,nan,nan,nan,nan
phi1-pd-lock,pd-fpga-pid,26.197082053000486,,,0,0.4587962397753632,0.0,0.4581858136979612,0.4591064453125,0.051025390625,-0.317138671875,-4.997947940025335,0.05159055441617966,0.002634686446820223,0.0455322265625,0.058349609375,16384,0.051025390625,0.000565163791179657,0.6935678422450983,nan,nan,nan,nan,nan,nan,nan,nan,nan,nan
phi1-pd-lock,pd-fpga-pid,26.24717317000068,,,0,0.4580637284824808,0.0,0.45781955805151997,0.458251953125,0.051025390625,-0.317138671875,-4.997947940025335,0.05115123838186264,0.001287542732912578,0.0472412109375,0.055908203125,16384,0.051025390625,0.00012584775686264038,0.6935678422450983,nan,nan,nan,nan,nan,nan,nan,nan,nan,nan
phi1-pd-lock,pd-fpga-pid,26.297196248000546,,,0,0.4565987058967159,0.0,0.4559882798193139,0.457275390625,0.051025390625,-0.317138671875,-4.997947940025335,0.05191979557275772,0.0010441525039726278,0.048828125,0.055908203125,16384,0.051025390625,0.000894404947757721,0.6935678422450983,nan,nan,nan,nan,nan,nan,nan,nan,nan,nan
phi1-pd-lock,pd-fpga-pid,26.347196664000876,,,0,0.45537785374191186,0.0,0.4557441093883531,0.4554443359375,0.051025390625,-0.317138671875,-4.997947940025335,0.05266885459423065,0.0017442444831784003,0.0477294921875,0.057373046875,16384,0.051025390625,0.0016434639692306519,0.6935678422450983,nan,nan,nan,nan,nan,nan,nan,nan,nan,nan
phi1-pd-lock,pd-fpga-pid,26.39747469000031,,,0,0.4609937736540105,0.0,0.4603833475766085,0.45849609375,0.051025390625,-0.317138671875,-4.997947940025335,0.04778366535902023,0.001947345094698809,0.043212890625,0.0537109375,16384,0.051025390625,-0.003241725265979767,0.6935678422450983,nan,nan,nan,nan,nan,nan,nan,nan,nan,nan
phi1-pd-lock,pd-fpga-pid,26.44722338400061,,,0,0.46856305701379564,0.0,0.46880722744475645,0.4681396484375,0.051025390625,-0.317138671875,-4.997947940025335,0.045017749071121216,0.001663438062487834,0.040771484375,0.050048828125,16384,0.051025390625,-0.006007641553878784,0.6935678422450983,nan,nan,nan,nan,nan,nan,nan,nan,nan,nan
phi1-pd-lock,pd-fpga-pid,26.49770615500165,,,0,0.476498596020022,0.0,0.4767427664509828,0.4759521484375,0.051025390625,-0.317138671875,-4.997947940025335,0.04681877791881561,0.0018408010613077512,0.0413818359375,0.0516357421875,16384,0.051025390625,-0.004206612706184387,0.6935678422450983,nan,nan,nan,nan,nan,nan,nan,nan,nan,nan
phi1-pd-lock,pd-fpga-pid,26.54747021700132,,,0,0.485532901965572,0.0,0.485532901965572,0.484130859375,0.051025390625,-0.317138671875,-4.997947940025335,0.045700058341026306,0.0011577274294797503,0.042236328125,0.050048828125,16384,0.051025390625,-0.005325332283973694,0.6935678422450983,nan,nan,nan,nan,nan,nan,nan,nan,nan,nan
phi1-pd-lock,pd-fpga-pid,27.025333892001072,,,1,0.4889512879990233,0.0,0.48931754364546454,0.489013671875,0.05078125,-0.317138671875,-4.997947940025335,0.04570741951465607,0.0009026058423963404,0.0428466796875,0.049072265625,16384,0.05078125,-0.005073830485343933,0.6935678422450983,-0.03366287826166836,-0.0002494120240495,-0.7410260332656036,-0.6170381447458242,0.02928202093368325,-0.3290929446550311,-0.9438434176431597,-1.9062886907956302,1.5415101196656396,nan
phi1-pd-lock,pd-fpga-pid,27.04950184900008,,,0,0.49151507752411183,0.0,0.4910267366621902,0.490234375,0.05078125,-0.317138671875,-4.997947940025335,0.04960602521896362,0.002205713637873672,0.044189453125,0.05517578125,16384,0.05078125,-0.001175224781036377,0.6935678422450983,nan,nan,nan,nan,nan,nan,nan,nan,nan,nan
phi1-pd-lock,pd-fpga-pid,27.099323749000177,,,0,0.4982297643755341,0.0,0.4973751678671713,0.49658203125,0.05078125,-0.317138671875,-4.997947940025335,0.046631865203380585,0.0014811522800961046,0.04248046875,0.05126953125,16384,0.05078125,-0.004149384796619415,0.6935678422450983,nan,nan,nan,nan,nan,nan,nan,nan,nan,nan
phi1-pd-lock,pd-fpga-pid,27.149469438001688,,,0,0.5004272982541814,0.0,0.500915639116103,0.499755859375,0.05078125,-0.317138671875,-4.997947940025335,0.04861181974411011,0.0015589206488717772,0.0447998046875,0.0537109375,16384,0.05078125,-0.0021694302558898926,0.6935678422450983,nan,nan,nan,nan,nan,nan,nan,nan,nan,nan
phi1-pd-lock,pd-fpga-pid,27.200135633000173,,,0,0.5022585764863875,0.0,0.5015260651935051,0.502197265625,0.05078125,-0.317138671875,-4.997947940025335,0.04990732669830322,0.0018592606274677676,0.04541015625,0.05517578125,16384,0.05078125,-0.0008739233016967773,0.6935678422450983,nan,nan,nan,nan,nan,nan,nan,nan,nan,nan
phi1-pd-lock,pd-fpga-pid,27.251681568001004,,,0,0.5038456842876328,0.0,0.503601513856672,0.5037841796875,0.05078125,-0.317138671875,-4.997947940025335,0.05018538981676102,0.001300701329109488,0.0458984375,0.054931640625,16384,0.05078125,-0.0005958601832389832,0.6935678422450983,nan,nan,nan,nan,nan,nan,nan,nan,nan,nan
phi1-pd-lock,pd-fpga-pid,27.299811695000244,,,0,0.500915639116103,0.0,0.4999389573922598,0.501953125,0.05078125,-0.317138671875,-4.997947940025335,0.053183697164058685,0.001594497298366905,0.0489501953125,0.059326171875,16384,0.05078125,0.0024024471640586853,0.6935678422450983,nan,nan,nan,nan,nan,nan,nan,nan,nan,nan
phi1-pd-lock,pd-fpga-pid,27.349955650000993,,,0,0.4929801001098767,0.0,0.4931021853253571,0.49462890625,0.05078125,-0.317138671875,-4.997947940025335,0.055977143347263336,0.0014381147160425181,0.0511474609375,0.059814453125,16384,0.05078125,0.005195893347263336,0.6935678422450983,nan,nan,nan,nan,nan,nan,nan,nan,nan,nan
phi1-pd-lock,pd-fpga-pid,27.399976063001304,,,0,0.48492247588816995,0.0,0.4843120498107679,0.485595703125,0.05078125,-0.317138671875,-4.997947940025335,0.056246668100357056,0.0012674606332145457,0.0523681640625,0.0604248046875,16384,0.05078125,0.005465418100357056,0.6935678422450983,nan,nan,nan,nan,nan,nan,nan,nan,nan,nan
phi1-pd-lock,pd-fpga-pid,27.450026523001725,,,0,0.4769869368819436,0.0,0.4766206812355024,0.478271484375,0.05078125,-0.317138671875,-4.997947940025335,0.055121734738349915,0.0009875831923787473,0.051513671875,0.0587158203125,16384,0.05078125,0.0043404847383499146,0.6935678422450983,nan,nan,nan,nan,nan,nan,nan,nan,nan,nan
phi1-pd-lock,pd-fpga-pid,27.500146894000864,,,0,0.4741789769258943,0.0,0.47332438041753144,0.4737548828125,0.05078125,-0.317138671875,-4.997947940025335,0.0532604455947876,0.0013044737353406666,0.0494384765625,0.0579833984375,16384,0.05078125,0.0024791955947875977,0.6935678422450983,nan,nan,nan,nan,nan,nan,nan,nan,nan,nan
phi1-pd-lock,pd-fpga-pid,27.55013609800153,,,0,0.47552191429617874,0.0,0.47601025515810036,0.475341796875,0.05078125,-0.317138671875,-4.997947940025335,0.04960935562849045,0.0013703585281491528,0.044921875,0.05517578125,16384,0.05078125,-0.001171894371509552,0.6935678422450983,nan,nan,nan,nan,nan,nan,nan,nan,nan,nan
phi1-pd-lock,pd-fpga-pid,27.60039481900094,,,0,0.4791844707605909,0.0,0.4791844707605909,0.478759765625,0.05078125,-0.317138671875,-4.997947940025335,0.04852769523859024,0.0018171605908848653,0.044189453125,0.0543212890625,16384,0.05078125,-0.0022535547614097595,0.6935678422450983,nan,nan,nan,nan,nan,nan,nan,nan,nan,nan
phi1-pd-lock,pd-fpga-pid,27.651201577000393,,,0,0.4833353680869247,0.0,0.4840678793798071,0.4827880859375,0.05078125,-0.317138671875,-4.997947940025335,0.04849054664373398,0.00158190440648406,0.0440673828125,0.0528564453125,16384,0.05078125,-0.0022907033562660217,0.6935678422450983,nan,nan,nan,nan,nan,nan,nan,nan,nan,nan
phi1-pd-lock,pd-fpga-pid,27.700430956001583,,,0,0.4878525210596997,0.0,0.486753754120376,0.486572265625,0.05078125,-0.317138671875,-4.997947940025335,0.048224806785583496,0.001868478871112876,0.0439453125,0.053955078125,16384,0.05078125,-0.002556443214416504,0.6935678422450983,nan,nan,nan,nan,nan,nan,nan,nan,nan,nan
phi1-pd-lock,pd-fpga-pid,27.75014601700059,,,0,0.48504456110365035,0.0,0.48455622024172873,0.4853515625,0.05078125,-0.317138671875,-4.997947940025335,0.05298035591840744,0.0013183640372291803,0.0489501953125,0.0572509765625,16384,0.05078125,0.00219910591840744,0.6935678422450983,nan,nan,nan,nan,nan,nan,nan,nan,nan,nan
phi1-pd-lock,pd-fpga-pid,27.800605293001354,,,0,0.4796728116225125,0.0,0.4796728116225125,0.48095703125,0.05078125,-0.317138671875,-4.997947940025335,0.053527481853961945,0.0019772062660824157,0.0477294921875,0.0594482421875,16384,0.05078125,0.0027462318539619446,0.6935678422450983,nan,nan,nan,nan,nan,nan,nan,nan,nan,nan
phi1-pd-lock,pd-fpga-pid,27.850710826000068,,,0,0.48028323769991454,0.0,0.48040532291539495,0.47998046875,0.05078125,-0.317138671875,-4.997947940025335,0.050807684659957886,0.00198922098956528,0.045166015625,0.0560302734375,16384,0.05078125,2.6434659957885742e-05,0.6935678422450983,nan,nan,nan,nan,nan,nan,nan,nan,nan,nan
phi1-pd-lock,pd-fpga-pid,27.90093448100015,,,0,0.4819924307166402,0.0,0.4818703455011598,0.4820556640625,0.05078125,-0.317138671875,-4.997947940025335,0.04980778694152832,0.0014367075683321053,0.0450439453125,0.0543212890625,16384,0.05078125,-0.0009734630584716797,0.6935678422450983,nan,nan,nan,nan,nan,nan,nan,nan,nan,nan
phi1-pd-lock,pd-fpga-pid,27.950977006001267,,,0,0.48309119765596387,0.0,0.48272494200952265,0.48291015625,0.05078125,-0.317138671875,-4.997947940025335,0.05078796297311783,0.0014000476375989153,0.04638671875,0.055419921875,16384,0.05078125,6.712973117828369e-06,0.6935678422450983,nan,nan,nan,nan,nan,nan,nan,nan,nan,nan
phi1-pd-lock,pd-fpga-pid,28.000818143000288,,,0,0.4815040898547186,0.0,0.48284702722500306,0.4825439453125,0.05078125,-0.317138671875,-4.997947940025335,0.05140793323516846,0.002066366600567785,0.04638671875,0.0576171875,16384,0.05078125,0.000626683235168457,0.6935678422450983,nan,nan,nan,nan,nan,nan,nan,nan,nan,nan
phi1-pd-lock,pd-fpga-pid,28.050736915000016,,,0,0.4821145159321206,0.0,0.48284702722500306,0.482666015625,0.05078125,-0.317138671875,-4.997947940025335,0.05109638720750809,0.001436638393633983,0.047119140625,0.0562744140625,16384,0.05078125,0.00031513720750808716,0.6935678422450983,nan,nan,nan,nan,nan,nan,nan,nan,nan,nan
phi1-pd-lock,pd-fpga-pid,28.100969987001008,,,0,0.48687583933585643,0.0,0.4862654132584544,0.4854736328125,0.05078125,-0.317138671875,-4.997947940025335,0.0487794429063797,0.0023610630705728883,0.0428466796875,0.0545654296875,16384,0.05078125,-0.0020018070936203003,0.6935678422450983,nan,nan,nan,nan,nan,nan,nan,nan,nan,nan
phi1-pd-lock,pd-fpga-pid,28.151028412001324,,,0,0.486143328042974,0.0,0.48687583933585643,0.4874267578125,0.05078125,-0.317138671875,-4.997947940025335,0.04992125183343887,0.0010814648529906266,0.046630859375,0.0537109375,16384,0.05078125,-0.0008599981665611267,0.6935678422450983,nan,nan,nan,nan,nan,nan,nan,nan,nan,nan
phi1-pd-lock,pd-fpga-pid,28.203151500001695,,,0,0.4879746062751801,0.0,0.4879746062751801,0.4876708984375,0.05078125,-0.317138671875,-4.997947940025335,0.05065833777189255,0.002216617772842346,0.04541015625,0.0560302734375,16384,0.05078125,-0.0001229122281074524,0.6935678422450983,nan,nan,nan,nan,nan,nan,nan,nan,nan,nan
phi1-pd-lock,pd-fpga-pid,28.251009236000755,,,0,0.48919545842998413,0.0,0.48968379929190575,0.4888916015625,0.05078125,-0.317138671875,-4.997947940025335,0.04998596012592316,0.002044133281634278,0.0450439453125,0.05517578125,16384,0.05078125,-0.0007952898740768433,0.6935678422450983,nan,nan,nan,nan,nan,nan,nan,nan,nan,nan
phi1-pd-lock,pd-fpga-pid,28.301076597001156,,,0,0.4883408619216213,0.0,0.4880966914906605,0.48876953125,0.05078125,-0.317138671875,-4.997947940025335,0.051651306450366974,0.0016009515260880533,0.0465087890625,0.0560302734375,16384,0.05078125,0.0008700564503669739,0.6935678422450983,nan,nan,nan,nan,nan,nan,nan,nan,nan,nan
phi1-pd-lock,pd-fpga-pid,28.35119093600042,,,0,0.4839457941643267,0.0,0.48455622024172873,0.486083984375,0.05078125,-0.317138671875,-4.997947940025335,0.052619561553001404,0.0022927917517207162,0.04736328125,0.0592041015625,16384,0.05078125,0.0018383115530014038,0.6935678422450983,nan,nan,nan,nan,nan,nan,nan,nan,nan,nan
phi1-pd-lock,pd-fpga-pid,28.402918763000343,,,0,0.48235868636308143,0.0,0.48235868636308143,0.482666015625,0.05078125,-0.317138671875,-4.997947940025335,0.051666490733623505,0.0020136944278753917,0.0452880859375,0.0565185546875,16384,0.05078125,0.0008852407336235046,0.6935678422450983,nan,nan,nan,nan,nan,nan,nan,nan,nan,nan
phi1-pd-lock,pd-fpga-pid,28.45161152500077,,,0,0.48028323769991454,0.0,0.48028323769991454,0.48095703125,0.05078125,-0.317138671875,-4.997947940025335,0.052343666553497314,0.0018538143738280383,0.04736328125,0.0579833984375,16384,0.05078125,0.0015624165534973145,0.6935678422450983,nan,nan,nan,nan,nan,nan,nan,nan,nan,nan
phi1-pd-lock,pd-fpga-pid,28.501697512001556,,,0,0.48223660114760103,0.0,0.4819924307166402,0.482177734375,0.05078125,-0.317138671875,-4.997947940025335,0.04980199784040451,0.0010998875378060305,0.046142578125,0.053955078125,16384,0.05078125,-0.0009792521595954895,0.6935678422450983,nan,nan,nan,nan,nan,nan,nan,nan,nan,nan
phi1-pd-lock,pd-fpga-pid,28.551525935001337,,,0,0.47832987425222806,0.0,0.47796361860578684,0.4793701171875,0.05078125,-0.317138671875,-4.997947940025335,0.05383209139108658,0.0015792155816794723,0.0494384765625,0.058837890625,16384,0.05078125,0.0030508413910865784,0.6935678422450983,nan,nan,nan,nan,nan,nan,nan,nan,nan,nan
phi1-pd-lock,pd-fpga-pid,29.034989226000107,,,1,0.4697839091685997,0.0,0.4699059943840801,0.4698486328125,0.0506591796875,-0.317138671875,-4.997947940025335,0.054039016366004944,0.0020866836986329546,0.049072265625,0.0601806640625,16384,0.0506591796875,0.003379836678504944,0.6935678422450983,-0.008458591031419438,-6.267064549128403e-05,-0.734298393772991,-0.6041843806255858,0.03617130685602243,-0.3526951880156245,-0.9350388980737383,-1.931492978025879,1.5346171277554514,nan
phi1-pd-lock,pd-fpga-pid,29.059334395000405,,,0,0.46673177878158956,0.0,0.46660969356610915,0.4676513671875,0.0506591796875,-0.317138671875,-4.997947940025335,0.053406089544296265,0.0020383453619534876,0.0484619140625,0.058349609375,16384,0.0506591796875,0.0027469098567962646,0.6935678422450983,nan,nan,nan,nan,nan,nan,nan,nan,nan,nan
phi1-pd-lock,pd-fpga-pid,29.109045207000236,,,0,0.4628250518862166,0.0,0.4625808814552558,0.4632568359375,0.0506591796875,-0.317138671875,-4.997947940025335,0.053364746272563934,0.0012231245195346784,0.0494384765625,0.0574951171875,16384,0.0506591796875,0.0027055665850639343,0.6935678422450983,nan,nan,nan,nan,nan,nan,nan,nan,nan,nan
phi1-pd-lock,pd-fpga-pid,29.15921190500012,,,0,0.45940666585276524,0.0,0.45940666585276524,0.46044921875,0.0506591796875,-0.317138671875,-4.997947940025335,0.05229009687900543,0.0018998348636380623,0.046630859375,0.0572509765625,16384,0.0506591796875,0.0016309171915054321,0.6935678422450983,nan,nan,nan,nan,nan,nan,nan,nan,nan,nan
phi1-pd-lock,pd-fpga-pid,29.209323569000844,,,0,0.46184837016237335,0.0,0.46172628494689294,0.4615478515625,0.0506591796875,-0.317138671875,-4.997947940025335,0.049524761736392975,0.0015284858700844082,0.0443115234375,0.0538330078125,16384,0.0506591796875,-0.0011344179511070251,0.6935678422450983,nan,nan,nan,nan,nan,nan,nan,nan,nan,nan
phi1-pd-lock,pd-fpga-pid,29.26091268500022,,,0,0.4655109266267855,0.0,0.4653888414113051,0.465576171875,0.0506591796875,-0.317138671875,-4.997947940025335,0.04841971397399902,0.001115942374206019,0.0450439453125,0.052734375,16384,0.0506591796875,-0.0022394657135009766,0.6935678422450983,nan,nan,nan,nan,nan,nan,nan,nan,nan,nan
phi1-pd-lock,pd-fpga-pid,29.309440779001307,,,0,0.46624343791966794,0.0,0.46624343791966794,0.467529296875,0.0506591796875,-0.317138671875,-4.997947940025335,0.049468234181404114,0.0014440538782092092,0.0447998046875,0.0535888671875,16384,0.0506591796875,-0.0011909455060958862,0.6935678422450983,nan,nan,nan,nan,nan,nan,nan,nan,nan,nan
phi1-pd-lock,pd-fpga-pid,29.359405848001188,,,0,0.46697594921255037,0.0,0.46685386399706996,0.4676513671875,0.0506591796875,-0.317138671875,-4.997947940025335,0.05065518617630005,0.0025669657543450084,0.044921875,0.056884765625,16384,0.0506591796875,-3.993511199951172e-06,0.6935678422450983,nan,nan,nan,nan,nan,nan,nan,nan,nan,nan
phi1-pd-lock,pd-fpga-pid,29.409706988000835,,,0,0.4683188865828348,0.0,0.4678305457209132,0.468017578125,0.0506591796875,-0.317138671875,-4.997947940025335,0.05037950724363327,0.0018417870525604598,0.0457763671875,0.056396484375,16384,0.0506591796875,-0.00027967244386672974,0.6935678422450983,nan,nan,nan,nan,nan,nan,nan,nan,nan,nan
phi1-pd-lock,pd-fpga-pid,29.45964821200141,,,0,0.4677084605054328,0.0,0.4677084605054328,0.4677734375,0.0506591796875,-0.317138671875,-4.997947940025335,0.0513344332575798,0.0013440819209961281,0.047607421875,0.056640625,16384,0.0506591796875,0.0006752535700798035,0.6935678422450983,nan,nan,nan,nan,nan,nan,nan,nan,nan,nan
phi1-pd-lock,pd-fpga-pid,29.511522674001753,,,0,0.4724697839091686,0.0,0.472591869124649,0.4705810546875,0.0506591796875,-0.317138671875,-4.997947940025335,0.04815315455198288,0.001557119717705358,0.0433349609375,0.0531005859375,16384,0.0506591796875,-0.0025060251355171204,0.6935678422450983,nan,nan,nan,nan,nan,nan,nan,nan,nan,nan
phi1-pd-lock,pd-fpga-pid,29.55978868600141,,,0,0.47576608472713955,0.0,0.47601025515810036,0.474609375,0.0506591796875,-0.317138671875,-4.997947940025335,0.04797802120447159,0.00138706866645106,0.0440673828125,0.0526123046875,16384,0.0506591796875,-0.002681158483028412,0.6935678422450983,nan,nan,nan,nan,nan,nan,nan,nan,nan,nan
phi1-pd-lock,pd-fpga-pid,29.610419182999976,,,0,0.4795507264070321,0.0,0.4797948968379929,0.47900390625,0.0506591796875,-0.317138671875,-4.997947940025335,0.04761480540037155,0.0024821028179805825,0.0421142578125,0.0546875,16384,0.0506591796875,-0.0030443742871284485,0.6935678422450983,nan,nan,nan,nan,nan,nan,nan,nan,nan,nan
phi1-pd-lock,pd-fpga-pid,29.66012336300082,,,0,0.48052740813087536,0.0,0.48028323769991454,0.4805908203125,0.0506591796875,-0.317138671875,-4.997947940025335,0.05038149654865265,0.0014138616357635438,0.04541015625,0.0552978515625,16384,0.0506591796875,-0.0002776831388473511,0.6935678422450983,nan,nan,nan,nan,nan,nan,nan,nan,nan,nan
phi1-pd-lock,pd-fpga-pid,29.71006273400053,,,0,0.47552191429617874,0.0,0.47613234037358076,0.4766845703125,0.0506591796875,-0.317138671875,-4.997947940025335,0.05330730229616165,0.0011541339038292986,0.04931640625,0.0574951171875,16384,0.0506591796875,0.0026481226086616516,0.6935678422450983,nan,nan,nan,nan,nan,nan,nan,nan,nan,nan
phi1-pd-lock,pd-fpga-pid,29.759957191001376,,,0,0.4721035282627274,0.0,0.4724697839091686,0.47265625,0.0506591796875,-0.317138671875,-4.997947940025335,0.05285525321960449,0.0013688022173442302,0.048828125,0.0572509765625,16384,0.0506591796875,0.002196073532104492,0.6935678422450983,nan,nan,nan,nan,nan,nan,nan,nan,nan,nan
phi1-pd-lock,pd-fpga-pid,29.80997342700175,,,0,0.4741789769258943,0.0,0.4740568917104139,0.472900390625,0.0506591796875,-0.317138671875,-4.997947940025335,0.049537837505340576,0.0020371387415293964,0.0447998046875,0.055908203125,16384,0.0506591796875,-0.0011213421821594238,0.6935678422450983,nan,nan,nan,nan,nan,nan,nan,nan,nan,nan
phi1-pd-lock,pd-fpga-pid,29.86151835000055,,,0,0.476498596020022,0.0,0.47613234037358076,0.47509765625,0.0506591796875,-0.317138671875,-4.997947940025335,0.04955461621284485,0.001580338002180142,0.044189453125,0.054443359375,16384,0.0506591796875,-0.0011045634746551514,0.6935678422450983,nan,nan,nan,nan,nan,nan,nan,nan,nan,nan
phi1-pd-lock,pd-fpga-pid,29.910390980001466,,,0,0.47564399951165914,0.0,0.4749114882187767,0.47509765625,0.0506591796875,-0.317138671875,-4.997947940025335,0.050190314650535583,0.0020360322392941133,0.045654296875,0.0567626953125,16384,0.0506591796875,-0.0004688650369644165,0.6935678422450983,nan,nan,nan,nan,nan,nan,nan,nan,nan,nan
phi1-pd-lock,pd-fpga-pid,29.960461868000493,,,0,0.47564399951165914,0.0,0.47613234037358076,0.47607421875,0.0506591796875,-0.317138671875,-4.997947940025335,0.049120500683784485,0.002551379471871441,0.043212890625,0.0555419921875,16384,0.0506591796875,-0.0015386790037155151,0.6935678422450983,nan,nan,nan,nan,nan,nan,nan,nan,nan,nan
phi1-pd-lock,pd-fpga-pid,30.010864869000216,,,0,0.4728360395556098,0.0,0.47161518740080577,0.47314453125,0.0506591796875,-0.317138671875,-4.997947940025335,0.05319848656654358,0.0011082867867052947,0.04931640625,0.0582275390625,16384,0.0506591796875,0.002539306879043579,0.6935678422450983,nan,nan,nan,nan,nan,nan,nan,nan,nan,nan
phi1-pd-lock,pd-fpga-pid,30.06072912900163,,,0,0.46404590404102064,0.0,0.4633133927481382,0.4659423828125,0.0506591796875,-0.317138671875,-4.997947940025335,0.055691562592983246,0.0012082024181584244,0.0517578125,0.0601806640625,16384,0.0506591796875,0.005032382905483246,0.6935678422450983,nan,nan,nan,nan,nan,nan,nan,nan,nan,nan
phi1-pd-lock,pd-fpga-pid,30.110807451001165,,,0,0.45757538762055916,0.0,0.45684287632767673,0.458740234375,0.0506591796875,-0.317138671875,-4.997947940025335,0.05514839291572571,0.0032615041494606796,0.0496826171875,0.0633544921875,16384,0.0506591796875,0.004489213228225708,0.6935678422450983,nan,nan,nan,nan,nan,nan,nan,nan,nan,nan
phi1-pd-lock,pd-fpga-pid,30.160570140000345,,,0,0.45049444512269565,0.0,0.45037235990721525,0.4521484375,0.0506591796875,-0.317138671875,-4.997947940025335,0.054577313363552094,0.001853044837178289,0.0498046875,0.059326171875,16384,0.0506591796875,0.0039181336760520935,0.6935678422450983,nan,nan,nan,nan,nan,nan,nan,nan,nan,nan
phi1-pd-lock,pd-fpga-pid,30.21095850400161,,,0,0.44402392870223417,0.0,0.44341350262483215,0.445556640625,0.0506591796875,-0.317138671875,-4.997947940025335,0.0553174763917923,0.0026297735783959372,0.0496826171875,0.0618896484375,16384,0.0506591796875,0.004658296704292297,0.6935678422450983,nan,nan,nan,nan,nan,nan,nan,nan,nan,nan
phi1-pd-lock,pd-fpga-pid,30.26115450600082,,,0,0.43621047491148823,0.0,0.4356000488340862,0.4375,0.0506591796875,-0.317138671875,-4.997947940025335,0.056072428822517395,0.0019222053048041253,0.0513916015625,0.0614013671875,16384,0.0506591796875,0.005413249135017395,0.6935678422450983,nan,nan,nan,nan,nan,nan,nan,nan,nan,nan
phi1-pd-lock,pd-fpga-pid,30.311277452001377,,,0,0.4330362593089977,0.0,0.4327920888780369,0.4339599609375,0.0506591796875,-0.317138671875,-4.997947940025335,0.052241332828998566,0.0018205730319284291,0.0478515625,0.0579833984375,16384,0.0506591796875,0.0015821531414985657,0.6935678422450983,nan,nan,nan,nan,nan,nan,nan,nan,nan,nan
phi1-pd-lock,pd-fpga-pid,30.360875432001194,,,0,0.43193749236967405,0.0,0.4327920888780369,0.433349609375,0.0506591796875,-0.317138671875,-4.997947940025335,0.05122627317905426,0.002313143399897634,0.0452880859375,0.0574951171875,16384,0.0506591796875,0.0005670934915542603,0.6935678422450983,nan,nan,nan,nan,nan,nan,nan,nan,nan,nan
phi1-pd-lock,pd-fpga-pid,30.410915131000365,,,0,0.4309608106458308,0.0,0.43071664021487,0.4310302734375,0.0506591796875,-0.317138671875,-4.997947940025335,0.05300997942686081,0.0020553008024690885,0.0477294921875,0.059814453125,16384,0.0506591796875,0.0023507997393608093,0.6935678422450983,nan,nan,nan,nan,nan,nan,nan,nan,nan,nan
phi1-pd-lock,pd-fpga-pid,30.461061050000353,,,0,0.42534489073373216,0.0,0.42461237944084973,0.4267578125,0.0506591796875,-0.317138671875,-4.997947940025335,0.05391599237918854,0.0020736069159766673,0.0487060546875,0.060791015625,16384,0.0506591796875,0.0032568126916885376,0.6935678422450983,nan,nan,nan,nan,nan,nan,nan,nan,nan,nan
phi1-pd-lock,pd-fpga-pid,30.51163368900052,,,0,0.42168233426932,0.0,0.4218044194848004,0.4229736328125,0.0506591796875,-0.317138671875,-4.997947940025335,0.05273663252592087,0.0011152907772902893,0.049072265625,0.056396484375,16384,0.0506591796875,0.002077452838420868,0.6935678422450983,nan,nan,nan,nan,nan,nan,nan,nan,nan,nan
phi1-pd-lock,pd-fpga-pid,30.561376091000056,,,0,0.4194848003906727,0.0,0.42033939689903554,0.420654296875,0.0506591796875,-0.317138671875,-4.997947940025335,0.05252499878406525,0.0021798193680859614,0.046875,0.05908203125,16384,0.0506591796875,0.0018658190965652466,0.6935678422450983,nan,nan,nan,nan,nan,nan,nan,nan,nan,nan
phi1-pd-lock,pd-fpga-pid,31.039381309999953,,,1,0.44793065559760714,0.0,0.44780857038212674,0.4456787109375,0.051025390625,-0.317138671875,-4.997947940025335,0.050937265157699585,0.0017560397247604056,0.045654296875,0.0562744140625,16384,0.051025390625,-8.812546730041504e-05,0.6935678422450983,0.042052225546879374,0.00031156963489293346,-0.7349090394746496,-0.5788572146205838,0.04046723882497861,-0.39938900960549245,-0.9158879962027158,-1.982003794604178,1.5303180349818544,nan
phi1-pd-lock,pd-fpga-pid,31.06384601300124,,,0,0.4514711268465389,0.0,0.4514711268465389,0.44921875,0.051025390625,-0.317138671875,-4.997947940025335,0.04658278822898865,0.0019602800998752305,0.041015625,0.052490234375,16384,0.051025390625,-0.0044426023960113525,0.6935678422450983,nan,nan,nan,nan,nan,nan,nan,nan,nan,nan
phi1-pd-lock,pd-fpga-pid,31.113516540001,,,0,0.45464534244902943,0.0,0.454523257233549,0.453857421875,0.051025390625,-0.317138671875,-4.997947940025335,0.04827173054218292,0.001574770410669289,0.0443115234375,0.0535888671875,16384,0.051025390625,-0.0027536600828170776,0.6935678422450983,nan,nan,nan,nan,nan,nan,nan,nan,nan,nan
phi1-pd-lock,pd-fpga-pid,31.163797472001534,,,0,0.45318031986326457,0.0,0.45256989378586254,0.4534912109375,0.051025390625,-0.317138671875,-4.997947940025335,0.051397308707237244,0.002345656966181281,0.045654296875,0.0574951171875,16384,0.051025390625,0.00037191808223724365,0.6935678422450983,nan,nan,nan,nan,nan,nan,nan,nan,nan,nan
phi1-pd-lock,pd-fpga-pid,31.214074266001262,,,0,0.4535465755097058,0.0,0.4537907459406666,0.4530029296875,0.051025390625,-0.317138671875,-4.997947940025335,0.050266459584236145,0.0018739419633496508,0.0452880859375,0.056884765625,16384,0.051025390625,-0.000758931040763855,0.6935678422450983,nan,nan,nan,nan,nan,nan,nan,nan,nan,nan
phi1-pd-lock,pd-fpga-pid,31.265167842000665,,,0,0.4537907459406666,0.0,0.4536686607251862,0.4541015625,0.051025390625,-0.317138671875,-4.997947940025335,0.050502754747867584,0.002418441596753434,0.044677734375,0.0570068359375,16384,0.051025390625,-0.0005226358771324158,0.6935678422450983,nan,nan,nan,nan,nan,nan,nan,nan,nan,nan
phi1-pd-lock,pd-fpga-pid,31.31407829300042,,,0,0.4585520693444024,0.0,0.4580637284824808,0.4571533203125,0.051025390625,-0.317138671875,-4.997947940025335,0.04801341891288757,0.0022785863146813643,0.0430908203125,0.0543212890625,16384,0.051025390625,-0.0030119717121124268,0.6935678422450983,nan,nan,nan,nan,nan,nan,nan,nan,nan,nan
phi1-pd-lock,pd-fpga-pid,31.3639023980013,,,0,0.4651446709803443,0.0,0.4656330118422659,0.4637451171875,0.051025390625,-0.317138671875,-4.997947940025335,0.046018339693546295,0.001375552088116612,0.041748046875,0.0504150390625,16384,0.051025390625,-0.005007050931453705,0.6935678422450983,nan,nan,nan,nan,nan,nan,nan,nan,nan,nan
phi1-pd-lock,pd-fpga-pid,31.41438767300133,,,0,0.4728360395556098,0.0,0.4721035282627274,0.4713134765625,0.051025390625,-0.317138671875,-4.997947940025335,0.046293579041957855,0.0012415816778020745,0.0423583984375,0.050048828125,16384,0.051025390625,-0.004731811583042145,0.6935678422450983,nan,nan,nan,nan,nan,nan,nan,nan,nan,nan
phi1-pd-lock,pd-fpga-pid,31.46431038300034,,,0,0.4747894030032963,0.0,0.4743010621413747,0.4742431640625,0.051025390625,-0.317138671875,-4.997947940025335,0.04909504950046539,0.0021881531380593382,0.0426025390625,0.054931640625,16384,0.051025390625,-0.001930341124534607,0.6935678422450983,nan,nan,nan,nan,nan,nan,nan,nan,nan,nan
phi1-pd-lock,pd-fpga-pid,31.51418994100095,,,0,0.47308020998657063,0.0,0.4729581247710902,0.473388671875,0.051025390625,-0.317138671875,-4.997947940025335,0.05231397598981857,0.0017628329750951658,0.0472412109375,0.05712890625,16384,0.051025390625,0.001288585364818573,0.6935678422450983,nan,nan,nan,nan,nan,nan,nan,nan,nan,nan
phi1-pd-lock,pd-fpga-pid,31.564163998000367,,,0,0.46660969356610915,0.0,0.46624343791966794,0.4677734375,0.051025390625,-0.317138671875,-4.997947940025335,0.054952122271060944,0.0012560277269824363,0.0513916015625,0.0589599609375,16384,0.051025390625,0.003926731646060944,0.6935678422450983,nan,nan,nan,nan,nan,nan,nan,nan,nan,nan
phi1-pd-lock,pd-fpga-pid,31.614601453000432,,,0,0.45965083628372605,0.0,0.45952875106824564,0.4608154296875,0.051025390625,-0.317138671875,-4.997947940025335,0.05478077381849289,0.001832400076813343,0.0487060546875,0.0596923828125,16384,0.051025390625,0.0037553831934928894,0.6935678422450983,nan,nan,nan,nan,nan,nan,nan,nan,nan,nan
phi1-pd-lock,pd-fpga-pid,31.66418134000014,,,0,0.4534244902942254,0.0,0.4535465755097058,0.45458984375,0.051025390625,-0.317138671875,-4.997947940025335,0.054696641862392426,0.0014469414718455299,0.05078125,0.060302734375,16384,0.051025390625,0.0036712512373924255,0.6935678422450983,nan,nan,nan,nan,nan,nan,nan,nan,nan,nan
phi1-pd-lock,pd-fpga-pid,31.715768683001443,,,0,0.4492735929678916,0.0,0.4489073373214504,0.4500732421875,0.051025390625,-0.317138671875,-4.997947940025335,0.05289735645055771,0.0017405036303184405,0.0472412109375,0.0576171875,16384,0.051025390625,0.0018719658255577087,0.6935678422450983,nan,nan,nan,nan,nan,nan,nan,nan,nan,nan
phi1-pd-lock,pd-fpga-pid,31.764191689000654,,,0,0.4469539738737639,0.0,0.4469539738737639,0.44775390625,0.051025390625,-0.317138671875,-4.997947940025335,0.051864393055438995,0.002492791049820234,0.046630859375,0.058837890625,16384,0.051025390625,0.0008390024304389954,0.6935678422450983,nan,nan,nan,nan,nan,nan,nan,nan,nan,nan
phi1-pd-lock,pd-fpga-pid,31.814370709000286,,,0,0.4441460139177146,0.0,0.44341350262483215,0.444580078125,0.051025390625,-0.317138671875,-4.997947940025335,0.053517840802669525,0.0015374053010249356,0.0482177734375,0.05859375,16384,0.051025390625,0.002492450177669525,0.6935678422450983,nan,nan,nan,nan,nan,nan,nan,nan,nan,nan
phi1-pd-lock,pd-fpga-pid,31.864588493001065,,,0,0.4402392870223416,0.0,0.43975094616042,0.439697265625,0.051025390625,-0.317138671875,-4.997947940025335,0.05389142036437988,0.0019164313631532819,0.048828125,0.0594482421875,16384,0.051025390625,0.002866029739379883,0.6935678422450983,nan,nan,nan,nan,nan,nan,nan,nan,nan,nan
phi1-pd-lock,pd-fpga-pid,31.914580583001225,,,0,0.43840800879013553,0.0,0.4379196679282139,0.4383544921875,0.051025390625,-0.317138671875,-4.997947940025335,0.051478900015354156,0.0017829817076880719,0.0458984375,0.056640625,16384,0.051025390625,0.0004535093903541565,0.6935678422450983,nan,nan,nan,nan,nan,nan,nan,nan,nan,nan
phi1-pd-lock,pd-fpga-pid,31.964544099000705,,,0,0.4357221340495666,0.0,0.435844219265047,0.43603515625,0.051025390625,-0.317138671875,-4.997947940025335,0.052608706057071686,0.0017173778002360948,0.048583984375,0.0587158203125,16384,0.051025390625,0.0015833154320716858,0.6935678422450983,nan,nan,nan,nan,nan,nan,nan,nan,nan,nan
phi1-pd-lock,pd-fpga-pid,32.014856800000416,,,0,0.43230374801611526,0.0,0.431327066292272,0.432373046875,0.051025390625,-0.317138671875,-4.997947940025335,0.05335221439599991,0.0016710924997220707,0.048583984375,0.0576171875,16384,0.051025390625,0.0023268237709999084,0.6935678422450983,nan,nan,nan,nan,nan,nan,nan,nan,nan,nan
phi1-pd-lock,pd-fpga-pid,32.064802684000824,,,0,0.43157123672323283,0.0,0.4305945549993896,0.4310302734375,0.051025390625,-0.317138671875,-4.997947940025335,0.0513482466340065,0.001832686209780513,0.0457763671875,0.0560302734375,16384,0.051025390625,0.00032285600900650024,0.6935678422450983,nan,nan,nan,nan,nan,nan,nan,nan,nan,nan
phi1-pd-lock,pd-fpga-pid,32.114810523000415,,,0,0.4332804297399585,0.0,0.4330362593089977,0.43310546875,0.051025390625,-0.317138671875,-4.997947940025335,0.04916234314441681,0.0025797873189497386,0.043212890625,0.0560302734375,16384,0.051025390625,-0.001863047480583191,0.6935678422450983,nan,nan,nan,nan,nan,nan,nan,nan,nan,nan
phi1-pd-lock,pd-fpga-pid,32.1651315500003,,,0,0.4379196679282139,0.0,0.43865217922109634,0.4371337890625,0.051025390625,-0.317138671875,-4.997947940025335,0.0483718067407608,0.0019141525751340761,0.043212890625,0.0537109375,16384,0.051025390625,-0.0026535838842391968,0.6935678422450983,nan,nan,nan,nan,nan,nan,nan,nan,nan,nan
phi1-pd-lock,pd-fpga-pid,32.2152658670002,,,0,0.44329141740935174,0.0,0.44304724697839093,0.4423828125,0.051025390625,-0.317138671875,-4.997947940025335,0.047161370515823364,0.0026566130013971696,0.0413818359375,0.0550537109375,16384,0.051025390625,-0.0038640201091766357,0.6935678422450983,nan,nan,nan,nan,nan,nan,nan,nan,nan,nan
phi1-pd-lock,pd-fpga-pid,32.26530666800136,,,0,0.4513490416310585,0.0,0.4509827859846173,0.4501953125,0.051025390625,-0.317138671875,-4.997947940025335,0.045680902898311615,0.0017455133805796364,0.040771484375,0.0506591796875,16384,0.051025390625,-0.005344487726688385,0.6935678422450983,nan,nan,nan,nan,nan,nan,nan,nan,nan,nan
phi1-pd-lock,pd-fpga-pid,32.31513475000065,,,0,0.46233671102429497,0.0,0.46221462580881456,0.4599609375,0.051025390625,-0.317138671875,-4.997947940025335,0.04461969435214996,0.002066401239913901,0.0390625,0.0501708984375,16384,0.051025390625,-0.006405696272850037,0.6935678422450983,nan,nan,nan,nan,nan,nan,nan,nan,nan,nan
phi1-pd-lock,pd-fpga-pid,32.36561174000053,,,0,0.47332438041753144,0.0,0.47369063606397266,0.4715576171875,0.051025390625,-0.317138671875,-4.997947940025335,0.044483691453933716,0.0023188960111021986,0.038818359375,0.051513671875,16384,0.051025390625,-0.006541699171066284,0.6935678422450983,nan,nan,nan,nan,nan,nan,nan,nan,nan,nan
phi1-pd-lock,pd-fpga-pid,32.415202998001405,,,0,0.4813820046392382,0.0,0.48089366377731657,0.4803466796875,0.051025390625,-0.317138671875,-4.997947940025335,0.04517293721437454,0.0014103390062854039,0.0411376953125,0.050048828125,16384,0.051025390625,-0.005852453410625458,0.6935678422450983,nan,nan,nan,nan,nan,nan,nan,nan,nan,nan
phi1-pd-lock,pd-fpga-pid,32.46549689400126,,,0,0.48712000976681724,0.0,0.48760835062873886,0.4862060546875,0.051025390625,-0.317138671875,-4.997947940025335,0.047500260174274445,0.0016074424932964089,0.04248046875,0.0518798828125,16384,0.051025390625,-0.0035251304507255554,0.6935678422450983,nan,nan,nan,nan,nan,nan,nan,nan,nan,nan
phi1-pd-lock,pd-fpga-pid,32.51549548600087,,,0,0.49236967403247467,0.0,0.4927359296789159,0.49267578125,0.051025390625,-0.317138671875,-4.997947940025335,0.04712749272584915,0.001701351853419169,0.0421142578125,0.05126953125,16384,0.051025390625,-0.0038978978991508484,0.6935678422450983,nan,nan,nan,nan,nan,nan,nan,nan,nan,nan
phi1-pd-lock,pd-fpga-pid,32.5656355430001,,,0,0.49627640092784764,0.0,0.49603223049688683,0.49658203125,0.051025390625,-0.317138671875,-4.997947940025335,0.04870546609163284,0.0017624372570644504,0.044189453125,0.0540771484375,16384,0.051025390625,-0.002319924533367157,0.6935678422450983,nan,nan,nan,nan,nan,nan,nan,nan,nan,nan
phi1-pd-lock,pd-fpga-pid,33.04869540600157,,,1,0.49212550360151386,0.0,0.49224758881699426,0.4920654296875,0.050537109375,-0.317138671875,-4.997947940025335,0.05055440217256546,0.0014437451815732163,0.0455322265625,0.0548095703125,16384,0.050537109375,1.7292797565460205e-05,0.6935678422450983,-0.0595890586634229,-0.00044150198972653485,-0.7545383853714271,-0.6303383502731279,0.01882315898642015,-0.3045914953792761,-0.9522970700513513,-1.8803625103938757,1.5519720560881816,nan
phi1-pd-lock,pd-fpga-pid,33.072583467001095,,,0,0.4959101452814064,0.0,0.495177633988524,0.493896484375,0.050537109375,-0.317138671875,-4.997947940025335,0.04867333918809891,0.0020304933793405797,0.0435791015625,0.0543212890625,16384,0.050537109375,-0.0018637701869010925,0.6935678422450983,nan,nan,nan,nan,nan,nan,nan,nan,nan,nan
phi1-pd-lock,pd-fpga-pid,33.12280962600016,,,0,0.4949334635575632,0.0,0.495177633988524,0.494873046875,0.050537109375,-0.317138671875,-4.997947940025335,0.050304114818573,0.001311877870715828,0.04541015625,0.0545654296875,16384,0.050537109375,-0.00023299455642700195,0.6935678422450983,nan,nan,nan,nan,nan,nan,nan,nan,nan,nan
phi1-pd-lock,pd-fpga-pid,33.17271681600141,,,0,0.49468929312660237,0.0,0.49468929312660237,0.494873046875,0.050537109375,-0.317138671875,-4.997947940025335,0.05091160535812378,0.001290469195453432,0.046142578125,0.0546875,16384,0.050537109375,0.0003744959831237793,0.6935678422450983,nan,nan,nan,nan,nan,nan,nan,nan,nan,nan
phi1-pd-lock,pd-fpga-pid,33.22314312100025,,,0,0.4932242705408375,0.0,0.4933463557563179,0.4937744140625,0.050537109375,-0.317138671875,-4.997947940025335,0.051396988332271576,0.002489511427723568,0.04638671875,0.0587158203125,16384,0.050537109375,0.0008598789572715759,0.6935678422450983,nan,nan,nan,nan,nan,nan,nan,nan,nan,nan
phi1-pd-lock,pd-fpga-pid,33.27324274300008,,,0,0.4928580148943963,0.0,0.4927359296789159,0.49267578125,0.050537109375,-0.317138671875,-4.997947940025335,0.050874724984169006,0.0015581762832608838,0.046142578125,0.0555419921875,16384,0.050537109375,0.00033761560916900635,0.6935678422450983,nan,nan,nan,nan,nan,nan,nan,nan,nan,nan
phi1-pd-lock,pd-fpga-pid,33.32321487500121,,,0,0.4890733732145037,0.0,0.48956171407642535,0.490478515625,0.050537109375,-0.317138671875,-4.997947940025335,0.05209547281265259,0.0013078229858035032,0.048095703125,0.056640625,16384,0.050537109375,0.0015583634376525879,0.6935678422450983,nan,nan,nan,nan,nan,nan,nan,nan,nan,nan
phi1-pd-lock,pd-fpga-pid,33.37315228200168,,,0,0.48968379929190575,0.0,0.48980588450738616,0.4896240234375,0.050537109375,-0.317138671875,-4.997947940025335,0.05072750151157379,0.0022040710470580477,0.04541015625,0.0567626953125,16384,0.050537109375,0.0001903921365737915,0.6935678422450983,nan,nan,nan,nan,nan,nan,nan,nan,nan,nan
phi1-pd-lock,pd-fpga-pid,33.423225484000795,,,0,0.486753754120376,0.0,0.48699792455133684,0.487060546875,0.050537109375,-0.317138671875,-4.997947940025335,0.05278460681438446,0.002063326270441731,0.0474853515625,0.0584716796875,16384,0.050537109375,0.0022474974393844604,0.6935678422450983,nan,nan,nan,nan,nan,nan,nan,nan,nan,nan
phi1-pd-lock,pd-fpga-pid,33.47324360300081,,,0,0.48272494200952265,0.0,0.48248077157856184,0.483154296875,0.050537109375,-0.317138671875,-4.997947940025335,0.05297509580850601,0.001814372377482981,0.0482177734375,0.058349609375,16384,0.050537109375,0.002437986433506012,0.6935678422450983,nan,nan,nan,nan,nan,nan,nan,nan,nan,nan
phi1-pd-lock,pd-fpga-pid,33.52512235300128,,,0,0.4740568917104139,0.0,0.47332438041753144,0.476318359375,0.050537109375,-0.317138671875,-4.997947940025335,0.05544953793287277,0.001616532993332119,0.0506591796875,0.061279296875,16384,0.050537109375,0.004912428557872772,0.6935678422450983,nan,nan,nan,nan,nan,nan,nan,nan,nan,nan
phi1-pd-lock,pd-fpga-pid,33.57379234200016,,,0,0.46697594921255037,0.0,0.46697594921255037,0.46826171875,0.050537109375,-0.317138671875,-4.997947940025335,0.05615141987800598,0.0013158704984075288,0.052490234375,0.060546875,16384,0.050537109375,0.0056143105030059814,0.6935678422450983,nan,nan,nan,nan,nan,nan,nan,nan,nan,nan
phi1-pd-lock,pd-fpga-pid,33.623792768001294,,,0,0.459040410206324,0.0,0.4589183249908436,0.460205078125,0.050537109375,-0.317138671875,-4.997947940025335,0.055552005767822266,0.001250403325517554,0.052001953125,0.061279296875,16384,0.050537109375,0.005014896392822266,0.6935678422450983,nan,nan,nan,nan,nan,nan,nan,nan,nan,nan
phi1-pd-lock,pd-fpga-pid,33.674072617001,,,0,0.4522036381394213,0.0,0.4517152972774997,0.453125,0.050537109375,-0.317138671875,-4.997947940025335,0.05456417798995972,0.003257681987329762,0.048583984375,0.0631103515625,16384,0.050537109375,0.004027068614959717,0.6935678422450983,nan,nan,nan,nan,nan,nan,nan,nan,nan,nan
phi1-pd-lock,pd-fpga-pid,33.725018266000916,,,0,0.4464656330118423,0.0,0.4464656330118423,0.4476318359375,0.050537109375,-0.317138671875,-4.997947940025335,0.05381357669830322,0.0014709494604144674,0.0491943359375,0.0582275390625,16384,0.050537109375,0.0032764673233032227,0.6935678422450983,nan,nan,nan,nan,nan,nan,nan,nan,nan,nan
phi1-pd-lock,pd-fpga-pid,33.77374275800139,,,0,0.44365767305579296,0.0,0.44365767305579296,0.44384765625,0.050537109375,-0.317138671875,-4.997947940025335,0.05282462388277054,0.0016731708680900073,0.048828125,0.05810546875,16384,0.050537109375,0.0022875145077705383,0.6935678422450983,nan,nan,nan,nan,nan,nan,nan,nan,nan,nan
phi1-pd-lock,pd-fpga-pid,33.82436024100025,,,0,0.4419484800390673,0.0,0.44146013917714566,0.4417724609375,0.050537109375,-0.317138671875,-4.997947940025335,0.0523066520690918,0.0019888501745639986,0.0469970703125,0.058349609375,16384,0.050537109375,0.0017695426940917969,0.6935678422450983,nan,nan,nan,nan,nan,nan,nan,nan,nan,nan
phi1-pd-lock,pd-fpga-pid,33.877279784001075,,,0,0.43853009400561593,0.0,0.43889634965205715,0.4388427734375,0.050537109375,-0.317138671875,-4.997947940025335,0.05228607356548309,0.0015863616365806663,0.0478515625,0.057373046875,16384,0.050537109375,0.0017489641904830933,0.6935678422450983,nan,nan,nan,nan,nan,nan,nan,nan,nan,nan
phi1-pd-lock,pd-fpga-pid,33.924290459000986,,,0,0.43669881577340985,0.0,0.43621047491148823,0.436767578125,0.050537109375,-0.317138671875,-4.997947940025335,0.05207037925720215,0.001604764391437352,0.047119140625,0.0565185546875,16384,0.050537109375,0.0015332698822021484,0.6935678422450983,nan,nan,nan,nan,nan,nan,nan,nan,nan,nan
phi1-pd-lock,pd-fpga-pid,33.9739488130017,,,0,0.43450128189476256,0.0,0.43437919667928215,0.4345703125,0.050537109375,-0.317138671875,-4.997947940025335,0.05178460478782654,0.0015826031301271453,0.046630859375,0.0565185546875,16384,0.050537109375,0.001247495412826538,0.6935678422450983,nan,nan,nan,nan,nan,nan,nan,nan,nan,nan
phi1-pd-lock,pd-fpga-pid,34.02475575200151,,,0,0.4290074471981443,0.0,0.43010621413746797,0.4302978515625,0.050537109375,-0.317138671875,-4.997947940025335,0.053624123334884644,0.0013990468242581272,0.0491943359375,0.05810546875,16384,0.050537109375,0.0030870139598846436,0.6935678422450983,nan,nan,nan,nan,nan,nan,nan,nan,nan,nan
phi1-pd-lock,pd-fpga-pid,34.07403147700097,,,0,0.4263215724575754,0.0,0.4263215724575754,0.4266357421875,0.050537109375,-0.317138671875,-4.997947940025335,0.0538453608751297,0.0018242322003644913,0.04833984375,0.0584716796875,16384,0.050537109375,0.0033082515001296997,0.6935678422450983,nan,nan,nan,nan,nan,nan,nan,nan,nan,nan
phi1-pd-lock,pd-fpga-pid,34.12560942300115,,,0,0.4242461237944085,0.0,0.42473446465633014,0.4239501953125,0.050537109375,-0.317138671875,-4.997947940025335,0.05180588364601135,0.0014242349928392506,0.046875,0.05615234375,16384,0.050537109375,0.0012687742710113525,0.6935678422450983,nan,nan,nan,nan,nan,nan,nan,nan,nan,nan
phi1-pd-lock,pd-fpga-pid,34.17440608000106,,,0,0.4257111463801734,0.0,0.4260774020266146,0.425537109375,0.050537109375,-0.317138671875,-4.997947940025335,0.050029151141643524,0.001144215760991867,0.0462646484375,0.0537109375,16384,0.050537109375,-0.0005079582333564758,0.6935678422450983,nan,nan,nan,nan,nan,nan,nan,nan,nan,nan
phi1-pd-lock,pd-fpga-pid,34.22438254000008,,,0,0.4237577829324869,0.0,0.4241240385789281,0.424560546875,0.050537109375,-0.317138671875,-4.997947940025335,0.05161692947149277,0.001848312810337992,0.046630859375,0.0572509765625,16384,0.050537109375,0.0010798200964927673,0.6935678422450983,nan,nan,nan,nan,nan,nan,nan,nan,nan,nan
phi1-pd-lock,pd-fpga-pid,34.27446749400042,,,0,0.4218044194848004,0.0,0.4220485899157612,0.422607421875,0.050537109375,-0.317138671875,-4.997947940025335,0.05244506895542145,0.0030042634767450354,0.04541015625,0.058837890625,16384,0.050537109375,0.0019079595804214478,0.6935678422450983,nan,nan,nan,nan,nan,nan,nan,nan,nan,nan
phi1-pd-lock,pd-fpga-pid,34.32525611800156,,,0,0.4213160786228788,0.0,0.42070565254547676,0.4215087890625,0.050537109375,-0.317138671875,-4.997947940025335,0.050978370010852814,0.0026620800105062337,0.0447998046875,0.057373046875,16384,0.050537109375,0.0004412606358528137,0.6935678422450983,nan,nan,nan,nan,nan,nan,nan,nan,nan,nan
phi1-pd-lock,pd-fpga-pid,34.37455934600075,,,0,0.4187522890977903,0.0,0.4188743743132707,0.4200439453125,0.050537109375,-0.317138671875,-4.997947940025335,0.0522213876247406,0.001276205411713558,0.048095703125,0.056884765625,16384,0.050537109375,0.0016842782497406006,0.6935678422450983,nan,nan,nan,nan,nan,nan,nan,nan,nan,nan
phi1-pd-lock,pd-fpga-pid,34.42487935100144,,,0,0.4128921987547308,0.0,0.4128921987547308,0.41455078125,0.050537109375,-0.317138671875,-4.997947940025335,0.05578622967004776,0.0032367145707807767,0.048095703125,0.0621337890625,16384,0.050537109375,0.00524912029504776,0.6935678422450983,nan,nan,nan,nan,nan,nan,nan,nan,nan,nan
phi1-pd-lock,pd-fpga-pid,34.47469706300035,,,0,0.4073983640581126,0.0,0.407520449273593,0.4083251953125,0.050537109375,-0.317138671875,-4.997947940025335,0.054553382098674774,0.0013996772940985563,0.050048828125,0.0584716796875,16384,0.050537109375,0.004016272723674774,0.6935678422450983,nan,nan,nan,nan,nan,nan,nan,nan,nan,nan
phi1-pd-lock,pd-fpga-pid,34.52483774200118,,,0,0.40007325112928827,0.0,0.4003174215602491,0.401611328125,0.050537109375,-0.317138671875,-4.997947940025335,0.05491276830434799,0.0023386589902306965,0.0494384765625,0.061279296875,16384,0.050537109375,0.004375658929347992,0.6935678422450983,nan,nan,nan,nan,nan,nan,nan,nan,nan,nan
phi1-pd-lock,pd-fpga-pid,34.57493557000089,,,0,0.3956781833719937,0.0,0.3959223538029545,0.3968505859375,0.050537109375,-0.317138671875,-4.997947940025335,0.05334702134132385,0.0017721409586121748,0.048828125,0.058837890625,16384,0.050537109375,0.0028099119663238525,0.6935678422450983,nan,nan,nan,nan,nan,nan,nan,nan,nan,nan
phi1-pd-lock,pd-fpga-pid,35.054137032000654,,,1,0.4076425344890734,0.0,0.4072762788426322,0.4058837890625,0.050537109375,-0.317138671875,-4.997947940025335,0.05162355303764343,0.0022033122759968853,0.0458984375,0.057861328125,16384,0.050537109375,0.0010864436626434326,0.6935678422450983,0.0002905302806928134,2.1525712920922614e-06,-0.733380356054629,-0.5997606454983794,0.03767647497479133,-0.3608422712241085,-0.9318655152602765,-1.9402420993379914,1.5331109323900318,nan
phi1-pd-lock,pd-fpga-pid,35.07778797800165,,,0,0.4106946648760835,0.0,0.4102063240141619,0.4088134765625,0.050537109375,-0.317138671875,-4.997947940025335,0.046967655420303345,0.002003667846645644,0.0418701171875,0.0528564453125,16384,0.050537109375,-0.0035694539546966553,0.6935678422450983,nan,nan,nan,nan,nan,nan,nan,nan,nan,nan
phi1-pd-lock,pd-fpga-pid,35.1284319510014,,,0,0.41765352215846663,0.0,0.417165181296545,0.41650390625,0.050537109375,-0.317138671875,-4.997947940025335,0.04522833228111267,0.0010558015443288972,0.0419921875,0.0496826171875,16384,0.050537109375,-0.005308777093887329,0.6935678422450983,nan,nan,nan,nan,nan,nan,nan,nan,nan,nan
phi1-pd-lock,pd-fpga-pid,35.17819969000084,,,0,0.42742033939689905,0.0,0.42742033939689905,0.425048828125,0.050537109375,-0.317138671875,-4.997947940025335,0.04418431967496872,0.0023798647873436007,0.0396728515625,0.0523681640625,16384,0.050537109375,-0.0063527897000312805,0.6935678422450983,nan,nan,nan,nan,nan,nan,nan,nan,nan,nan
phi1-pd-lock,pd-fpga-pid,35.2298414650013,,,0,0.4334025149554389,0.0,0.4334025149554389,0.4320068359375,0.050537109375,-0.317138671875,-4.997947940025335,0.04618467390537262,0.001614301506217359,0.0413818359375,0.051025390625,16384,0.050537109375,-0.00435243546962738,0.6935678422450983,nan,nan,nan,nan,nan,nan,nan,nan,nan,nan
phi1-pd-lock,pd-fpga-pid,35.278687705000266,,,0,0.4398730313759004,0.0,0.43914052008301796,0.4383544921875,0.050537109375,-0.317138671875,-4.997947940025335,0.045985057950019836,0.0015920884371995504,0.04150390625,0.0517578125,16384,0.050537109375,-0.004552051424980164,0.6935678422450983,nan,nan,nan,nan,nan,nan,nan,nan,nan,nan
phi1-pd-lock,pd-fpga-pid,35.328545172000304,,,0,0.4495177633988524,0.0,0.4486631668904896,0.447021484375,0.050537109375,-0.317138671875,-4.997947940025335,0.04559455066919327,0.0016587651294946528,0.040283203125,0.05078125,16384,0.050537109375,-0.004942558705806732,0.6935678422450983,nan,nan,nan,nan,nan,nan,nan,nan,nan,nan
phi1-pd-lock,pd-fpga-pid,35.378613024000515,,,0,0.45281406421682335,0.0,0.45232572335490173,0.4527587890625,0.050537109375,-0.317138671875,-4.997947940025335,0.04758404940366745,0.002263185167599502,0.0426025390625,0.0546875,16384,0.050537109375,-0.00295305997133255,0.6935678422450983,nan,nan,nan,nan,nan,nan,nan,nan,nan,nan
phi1-pd-lock,pd-fpga-pid,35.42865871400136,,,0,0.4556220241728727,0.0,0.4561103650347943,0.455078125,0.050537109375,-0.317138671875,-4.997947940025335,0.049284256994724274,0.002235600267654401,0.043701171875,0.0545654296875,16384,0.050537109375,-0.0012528523802757263,0.6935678422450983,nan,nan,nan,nan,nan,nan,nan,nan,nan,nan
phi1-pd-lock,pd-fpga-pid,35.47879354200086,,,0,0.45916249542180443,0.0,0.4587962397753632,0.458251953125,0.050537109375,-0.317138671875,-4.997947940025335,0.047305718064308167,0.0020947236003818685,0.04248046875,0.0535888671875,16384,0.050537109375,-0.0032313913106918335,0.6935678422450983,nan,nan,nan,nan,nan,nan,nan,nan,nan,nan
phi1-pd-lock,pd-fpga-pid,35.529020601999946,,,0,0.46392381882554024,0.0,0.4636796483945794,0.46240234375,0.050537109375,-0.317138671875,-4.997947940025335,0.04764869064092636,0.0015827955418645648,0.0435791015625,0.05322265625,16384,0.050537109375,-0.002888418734073639,0.6935678422450983,nan,nan,nan,nan,nan,nan,nan,nan,nan,nan
phi1-pd-lock,pd-fpga-pid,35.57900833400163,,,0,0.4656330118422659,0.0,0.4649005005493835,0.4652099609375,0.050537109375,-0.317138671875,-4.997947940025335,0.04898490011692047,0.0024216868302320616,0.0433349609375,0.0560302734375,16384,0.050537109375,-0.0015522092580795288,0.6935678422450983,nan,nan,nan,nan,nan,nan,nan,nan,nan,nan
phi1-pd-lock,pd-fpga-pid,35.629824600000575,,,0,0.4657550970577463,0.0,0.46612135270418753,0.4661865234375,0.050537109375,-0.317138671875,-4.997947940025335,0.05038110166788101,0.0024740375355252705,0.04345703125,0.0570068359375,16384,0.050537109375,-0.00015600770711898804,0.6935678422450983,nan,nan,nan,nan,nan,nan,nan,nan,nan,nan
phi1-pd-lock,pd-fpga-pid,35.67896896900129,,,0,0.4634354779636186,0.0,0.4627029666707362,0.463134765625,0.050537109375,-0.317138671875,-4.997947940025335,0.05259009450674057,0.0018562796223280404,0.0487060546875,0.0595703125,16384,0.050537109375,0.00205298513174057,0.6935678422450983,nan,nan,nan,nan,nan,nan,nan,nan,nan,nan
phi1-pd-lock,pd-fpga-pid,35.72912893400098,,,0,0.4606275180075693,0.0,0.46001709193016727,0.46142578125,0.050537109375,-0.317138671875,-4.997947940025335,0.05169963836669922,0.001656908334095448,0.0472412109375,0.0562744140625,16384,0.050537109375,0.0011625289916992188,0.6935678422450983,nan,nan,nan,nan,nan,nan,nan,nan,nan,nan
phi1-pd-lock,pd-fpga-pid,35.77900729000066,,,0,0.45513368331095105,0.0,0.45501159809547065,0.45703125,0.050537109375,-0.317138671875,-4.997947940025335,0.053762562572956085,0.0019668668990642916,0.048828125,0.060302734375,16384,0.050537109375,0.003225453197956085,0.6935678422450983,nan,nan,nan,nan,nan,nan,nan,nan,nan,nan
phi1-pd-lock,pd-fpga-pid,35.82928085800086,,,0,0.4492735929678916,0.0,0.4492735929678916,0.4503173828125,0.050537109375,-0.317138671875,-4.997947940025335,0.05454736948013306,0.0018383277480247219,0.04931640625,0.059814453125,16384,0.050537109375,0.004010260105133057,0.6935678422450983,nan,nan,nan,nan,nan,nan,nan,nan,nan,nan
phi1-pd-lock,pd-fpga-pid,35.87956519600084,,,0,0.4463435477963619,0.0,0.44536686607251863,0.44580078125,0.050537109375,-0.317138671875,-4.997947940025335,0.05246172100305557,0.0016166861530687467,0.04736328125,0.056884765625,16384,0.050537109375,0.0019246116280555725,0.6935678422450983,nan,nan,nan,nan,nan,nan,nan,nan,nan,nan
phi1-pd-lock,pd-fpga-pid,35.92929275000097,,,0,0.444268099133195,0.0,0.444268099133195,0.4453125,0.050537109375,-0.317138671875,-4.997947940025335,0.050391487777233124,0.0016812218308486615,0.0450439453125,0.054931640625,16384,0.050537109375,-0.00014562159776687622,0.6935678422450983,nan,nan,nan,nan,nan,nan,nan,nan,nan,nan
phi1-pd-lock,pd-fpga-pid,35.9793515450001,,,0,0.44353558784031255,0.0,0.44341350262483215,0.4444580078125,0.050537109375,-0.317138671875,-4.997947940025335,0.05153660476207733,0.003638820524647288,0.044189453125,0.06005859375,16384,0.050537109375,0.0009994953870773315,0.6935678422450983,nan,nan,nan,nan,nan,nan,nan,nan,nan,nan
phi1-pd-lock,pd-fpga-pid,36.02967795200129,,,0,0.4398730313759004,0.0,0.4396288609449396,0.4415283203125,0.050537109375,-0.317138671875,-4.997947940025335,0.05220098793506622,0.0019366284339123602,0.046630859375,0.0577392578125,16384,0.050537109375,0.0016638785600662231,0.6935678422450983,nan,nan,nan,nan,nan,nan,nan,nan,nan,nan
phi1-pd-lock,pd-fpga-pid,36.0795659860014,,,0,0.4395067757294592,0.0,0.43914052008301796,0.440185546875,0.050537109375,-0.317138671875,-4.997947940025335,0.05092369765043259,0.001146610226867499,0.0474853515625,0.0548095703125,16384,0.050537109375,0.00038658827543258667,0.6935678422450983,nan,nan,nan,nan,nan,nan,nan,nan,nan,nan
phi1-pd-lock,pd-fpga-pid,36.12959452400173,,,0,0.43840800879013553,0.0,0.43853009400561593,0.439208984375,0.050537109375,-0.317138671875,-4.997947940025335,0.05143725126981735,0.0019769987692515906,0.0458984375,0.0572509765625,16384,0.050537109375,0.0009001418948173523,0.6935678422450983,nan,nan,nan,nan,nan,nan,nan,nan,nan,nan
phi1-pd-lock,pd-fpga-pid,36.18039558200144,,,0,0.4379196679282139,0.0,0.4374313270662923,0.4378662109375,0.050537109375,-0.317138671875,-4.997947940025335,0.051737621426582336,0.002030869945725728,0.0457763671875,0.057373046875,16384,0.050537109375,0.0012005120515823364,0.6935678422450983,nan,nan,nan,nan,nan,nan,nan,nan,nan,nan
phi1-pd-lock,pd-fpga-pid,36.230541720000474,,,0,0.4349896227566842,0.0,0.4349896227566842,0.4351806640625,0.050537109375,-0.317138671875,-4.997947940025335,0.05265112221240997,0.002273350195479681,0.0477294921875,0.058837890625,16384,0.050537109375,0.002114012837409973,0.6935678422450983,nan,nan,nan,nan,nan,nan,nan,nan,nan,nan
phi1-pd-lock,pd-fpga-pid,36.28005692500119,,,0,0.4325479184470761,0.0,0.4326700036625565,0.4334716796875,0.050537109375,-0.317138671875,-4.997947940025335,0.05092909187078476,0.0018406089064963464,0.0455322265625,0.056396484375,16384,0.050537109375,0.0003919824957847595,0.6935678422450983,nan,nan,nan,nan,nan,nan,nan,nan,nan,nan
phi1-pd-lock,pd-fpga-pid,36.33001163500012,,,0,0.43218166280063486,0.0,0.43242583323159567,0.4322509765625,0.050537109375,-0.317138671875,-4.997947940025335,0.05140805244445801,0.0016395046841060719,0.0462646484375,0.0560302734375,16384,0.050537109375,0.0008709430694580078,0.6935678422450983,nan,nan,nan,nan,nan,nan,nan,nan,nan,nan
phi1-pd-lock,pd-fpga-pid,36.38001508600064,,,0,0.43169332193871324,0.0,0.43205957758515445,0.4315185546875,0.050537109375,-0.317138671875,-4.997947940025335,0.050918206572532654,0.0020242703592026653,0.0457763671875,0.05712890625,16384,0.050537109375,0.0003810971975326538,0.6935678422450983,nan,nan,nan,nan,nan,nan,nan,nan,nan,nan
phi1-pd-lock,pd-fpga-pid,36.42993580200164,,,0,0.4305945549993896,0.0,0.4305945549993896,0.4315185546875,0.050537109375,-0.317138671875,-4.997947940025335,0.050149790942668915,0.0011656370457626731,0.04638671875,0.0543212890625,16384,0.050537109375,-0.0003873184323310852,0.6935678422450983,nan,nan,nan,nan,nan,nan,nan,nan,nan,nan
phi1-pd-lock,pd-fpga-pid,36.48018530400077,,,0,0.4308387254303504,0.0,0.4309608106458308,0.4312744140625,0.050537109375,-0.317138671875,-4.997947940025335,0.05036192387342453,0.0016818329890545462,0.044921875,0.0555419921875,16384,0.050537109375,-0.00017518550157546997,0.6935678422450983,nan,nan,nan,nan,nan,nan,nan,nan,nan,nan
phi1-pd-lock,pd-fpga-pid,36.53030493300139,,,0,0.4282749359052619,0.0,0.4282749359052619,0.4293212890625,0.050537109375,-0.317138671875,-4.997947940025335,0.05192779749631882,0.001969158663863913,0.0469970703125,0.057373046875,16384,0.050537109375,0.0013906881213188171,0.6935678422450983,nan,nan,nan,nan,nan,nan,nan,nan,nan,nan
phi1-pd-lock,pd-fpga-pid,36.58220205800171,,,0,0.4243682090098889,0.0,0.4240019533634477,0.4251708984375,0.050537109375,-0.317138671875,-4.997947940025335,0.05305001139640808,0.0010159132593639173,0.0496826171875,0.056884765625,16384,0.050537109375,0.002512902021408081,0.6935678422450983,nan,nan,nan,nan,nan,nan,nan,nan,nan,nan
phi1-pd-lock,pd-fpga-pid,37.06407768600002,,,1,0.47588816994261995,0.0,0.47588816994261995,0.4742431640625,0.0513916015625,-0.317138671875,-4.997947940025335,0.051846206188201904,0.0016949180718513507,0.047119140625,0.05712890625,16384,0.0513916015625,0.0004546046257019043,0.6935678422450983,0.10967593397534081,0.0008126012419281868,-0.7457796547043108,-0.5453394635643947,0.03655997045591386,-0.460434095440803,-0.8869407039458006,-2.0496275030326396,1.5342282069019488,nan
phi1-pd-lock,pd-fpga-pid,37.088052741000865,,,0,0.4790623855451105,0.0,0.4793065559760713,0.47802734375,0.0513916015625,-0.317138671875,-4.997947940025335,0.0467519611120224,0.0015483809235477207,0.042724609375,0.0511474609375,16384,0.0513916015625,-0.0046396404504776,0.6935678422450983,nan,nan,nan,nan,nan,nan,nan,nan,nan,nan
phi1-pd-lock,pd-fpga-pid,37.13812137400055,,,0,0.481015748992797,0.0,0.481015748992797,0.4810791015625,0.0513916015625,-0.317138671875,-4.997947940025335,0.05075503885746002,0.0018255709472470038,0.045166015625,0.0555419921875,16384,0.0513916015625,-0.000636562705039978,0.6935678422450983,nan,nan,nan,nan,nan,nan,nan,nan,nan,nan
phi1-pd-lock,pd-fpga-pid,37.18806990200028,,,0,0.48467830545720914,0.0,0.485532901965572,0.48388671875,0.0513916015625,-0.317138671875,-4.997947940025335,0.04935356229543686,0.002307702885401143,0.0421142578125,0.0550537109375,16384,0.0513916015625,-0.002038039267063141,0.6935678422450983,nan,nan,nan,nan,nan,nan,nan,nan,nan,nan
phi1-pd-lock,pd-fpga-pid,37.23832701900028,,,0,0.4904163105847882,0.0,0.4902942253693078,0.48876953125,0.0513916015625,-0.317138671875,-4.997947940025335,0.048118956387043,0.001636027241462907,0.042724609375,0.0531005859375,16384,0.0513916015625,-0.0032726451754570007,0.6935678422450983,nan,nan,nan,nan,nan,nan,nan,nan,nan,nan
phi1-pd-lock,pd-fpga-pid,37.28815893800129,,,0,0.4913929923086314,0.0,0.49151507752411183,0.4920654296875,0.0513916015625,-0.317138671875,-4.997947940025335,0.049694500863552094,0.0022030433476493976,0.0435791015625,0.055419921875,16384,0.0513916015625,-0.0016971006989479065,0.6935678422450983,nan,nan,nan,nan,nan,nan,nan,nan,nan,nan
phi1-pd-lock,pd-fpga-pid,37.338337287001195,,,0,0.490660481015749,0.0,0.4910267366621902,0.4910888671875,0.0513916015625,-0.317138671875,-4.997947940025335,0.053057849407196045,0.0013307922284856728,0.0491943359375,0.0577392578125,16384,0.0513916015625,0.001666247844696045,0.6935678422450983,nan,nan,nan,nan,nan,nan,nan,nan,nan,nan
phi1-pd-lock,pd-fpga-pid,37.3882105240009,,,0,0.4865095836894152,0.0,0.4866316689048956,0.487548828125,0.0513916015625,-0.317138671875,-4.997947940025335,0.054296575486660004,0.0016800990245780753,0.0498046875,0.058837890625,16384,0.0513916015625,0.0029049739241600037,0.6935678422450983,nan,nan,nan,nan,nan,nan,nan,nan,nan,nan
phi1-pd-lock,pd-fpga-pid,37.439384441000584,,,0,0.48284702722500306,0.0,0.48321328287144427,0.4835205078125,0.0513916015625,-0.317138671875,-4.997947940025335,0.05350106209516525,0.0012433865360876072,0.0496826171875,0.0582275390625,16384,0.0513916015625,0.0021094605326652527,0.6935678422450983,nan,nan,nan,nan,nan,nan,nan,nan,nan,nan
phi1-pd-lock,pd-fpga-pid,37.48872176200166,,,0,0.4817482602856794,0.0,0.4817482602856794,0.4818115234375,0.0513916015625,-0.317138671875,-4.997947940025335,0.05269511044025421,0.0010086290036157581,0.04931640625,0.0562744140625,16384,0.0513916015625,0.0013035088777542114,0.6935678422450983,nan,nan,nan,nan,nan,nan,nan,nan,nan,nan
phi1-pd-lock,pd-fpga-pid,37.53881300800094,,,0,0.4788182151141497,0.0,0.47796361860578684,0.479248046875,0.0513916015625,-0.317138671875,-4.997947940025335,0.0530763640999794,0.003024871214380452,0.04736328125,0.0606689453125,16384,0.0513916015625,0.0016847625374794006,0.6935678422450983,nan,nan,nan,nan,nan,nan,nan,nan,nan,nan
phi1-pd-lock,pd-fpga-pid,37.588873926000815,,,0,0.4749114882187767,0.0,0.4750335734342571,0.475341796875,0.0513916015625,-0.317138671875,-4.997947940025335,0.054084405303001404,0.0014782973523098275,0.048828125,0.0579833984375,16384,0.0513916015625,0.002692803740501404,0.6935678422450983,nan,nan,nan,nan,nan,nan,nan,nan,nan,nan
phi1-pd-lock,pd-fpga-pid,37.63898396700097,,,0,0.4743010621413747,0.0,0.4744231473568551,0.4749755859375,0.0513916015625,-0.317138671875,-4.997947940025335,0.05075444281101227,0.002004446885514134,0.04638671875,0.056640625,16384,0.0513916015625,-0.0006371587514877319,0.6935678422450983,nan,nan,nan,nan,nan,nan,nan,nan,nan,nan
phi1-pd-lock,pd-fpga-pid,37.688712132001456,,,0,0.4751556586497375,0.0,0.47539982908069833,0.475341796875,0.0513916015625,-0.317138671875,-4.997947940025335,0.05108542740345001,0.0014685206237294926,0.0469970703125,0.05615234375,16384,0.0513916015625,-0.0003061741590499878,0.6935678422450983,nan,nan,nan,nan,nan,nan,nan,nan,nan,nan
phi1-pd-lock,pd-fpga-pid,37.73907115000111,,,0,0.4773531925283848,0.0,0.4769869368819436,0.475830078125,0.0513916015625,-0.317138671875,-4.997947940025335,0.05083075165748596,0.0017186660528750633,0.045654296875,0.0562744140625,16384,0.0513916015625,-0.0005608499050140381,0.6935678422450983,nan,nan,nan,nan,nan,nan,nan,nan,nan,nan
phi1-pd-lock,pd-fpga-pid,37.78892789600104,,,0,0.4722256134782078,0.0,0.4722256134782078,0.4732666015625,0.0513916015625,-0.317138671875,-4.997947940025335,0.052992694079875946,0.0014877166401052091,0.0482177734375,0.058349609375,16384,0.0513916015625,0.001601092517375946,0.6935678422450983,nan,nan,nan,nan,nan,nan,nan,nan,nan,nan
phi1-pd-lock,pd-fpga-pid,37.83925703800014,,,0,0.4678305457209132,0.0,0.46880722744475645,0.4688720703125,0.0513916015625,-0.317138671875,-4.997947940025335,0.053576432168483734,0.002708796185416062,0.0479736328125,0.0604248046875,16384,0.0513916015625,0.002184830605983734,0.6935678422450983,nan,nan,nan,nan,nan,nan,nan,nan,nan,nan
phi1-pd-lock,pd-fpga-pid,37.88925976700011,,,0,0.46905139787571726,0.0,0.46917348309119766,0.4681396484375,0.0513916015625,-0.317138671875,-4.997947940025335,0.05104975402355194,0.001468739989474822,0.04736328125,0.0557861328125,16384,0.0513916015625,-0.0003418475389480591,0.6935678422450983,nan,nan,nan,nan,nan,nan,nan,nan,nan,nan
phi1-pd-lock,pd-fpga-pid,37.93938791200162,,,0,0.4694176535221585,0.0,0.46880722744475645,0.4686279296875,0.0513916015625,-0.317138671875,-4.997947940025335,0.050973713397979736,0.0017790215320625691,0.0467529296875,0.0567626953125,16384,0.0513916015625,-0.00041788816452026367,0.6935678422450983,nan,nan,nan,nan,nan,nan,nan,nan,nan,nan
phi1-pd-lock,pd-fpga-pid,37.989411170001404,,,0,0.4679526309363936,0.0,0.4678305457209132,0.4681396484375,0.0513916015625,-0.317138671875,-4.997947940025335,0.05120164155960083,0.0019180840544516442,0.0462646484375,0.057861328125,16384,0.0513916015625,-0.00018996000289916992,0.6935678422450983,nan,nan,nan,nan,nan,nan,nan,nan,nan,nan
phi1-pd-lock,pd-fpga-pid,38.039648769999985,,,0,0.4670980344280308,0.0,0.46685386399706996,0.4671630859375,0.0513916015625,-0.317138671875,-4.997947940025335,0.05211051553487778,0.001675457961275888,0.0472412109375,0.0577392578125,16384,0.0513916015625,0.0007189139723777771,0.6935678422450983,nan,nan,nan,nan,nan,nan,nan,nan,nan,nan
phi1-pd-lock,pd-fpga-pid,38.08967364199998,,,0,0.4670980344280308,0.0,0.46612135270418753,0.467041015625,0.0513916015625,-0.317138671875,-4.997947940025335,0.05127009004354477,0.0019106594572820739,0.046142578125,0.0576171875,16384,0.0513916015625,-0.00012151151895523071,0.6935678422450983,nan,nan,nan,nan,nan,nan,nan,nan,nan,nan
phi1-pd-lock,pd-fpga-pid,38.13961499600009,,,0,0.4703943352460017,0.0,0.4700280795995605,0.4698486328125,0.0513916015625,-0.317138671875,-4.997947940025335,0.04917125403881073,0.0021957191284935635,0.0430908203125,0.0548095703125,16384,0.0513916015625,-0.00222034752368927,0.6935678422450983,nan,nan,nan,nan,nan,nan,nan,nan,nan,nan
phi1-pd-lock,pd-fpga-pid,38.189797232000274,,,0,0.4747894030032963,0.0,0.4749114882187767,0.4747314453125,0.0513916015625,-0.317138671875,-4.997947940025335,0.048408523201942444,0.0015120155909522492,0.0440673828125,0.05322265625,16384,0.0513916015625,-0.002983078360557556,0.6935678422450983,nan,nan,nan,nan,nan,nan,nan,nan,nan,nan
phi1-pd-lock,pd-fpga-pid,38.23992466600066,,,0,0.47625442558906117,0.0,0.4751556586497375,0.4759521484375,0.0513916015625,-0.317138671875,-4.997947940025335,0.05103692412376404,0.0012778032093898456,0.047119140625,0.0555419921875,16384,0.0513916015625,-0.0003546774387359619,0.6935678422450983,nan,nan,nan,nan,nan,nan,nan,nan,nan,nan
phi1-pd-lock,pd-fpga-pid,38.289949988000444,,,0,0.48296911244048346,0.0,0.48260285679404225,0.4825439453125,0.0513916015625,-0.317138671875,-4.997947940025335,0.04606463015079498,0.0022248070029209795,0.0404052734375,0.052734375,16384,0.0513916015625,-0.005326971411705017,0.6935678422450983,nan,nan,nan,nan,nan,nan,nan,nan,nan,nan
phi1-pd-lock,pd-fpga-pid,38.339920106000136,,,0,0.4907825662312294,0.0,0.4907825662312294,0.4888916015625,0.0513916015625,-0.317138671875,-4.997947940025335,0.04691839963197708,0.0017477782998033182,0.0413818359375,0.0526123046875,16384,0.0513916015625,-0.004473201930522919,0.6935678422450983,nan,nan,nan,nan,nan,nan,nan,nan,nan,nan
phi1-pd-lock,pd-fpga-pid,38.390153779000684,,,0,0.49688682700524966,0.0,0.4974972530826517,0.495849609375,0.0513916015625,-0.317138671875,-4.997947940025335,0.047487445175647736,0.002101577576097745,0.0419921875,0.05322265625,16384,0.0513916015625,-0.0039041563868522644,0.6935678422450983,nan,nan,nan,nan,nan,nan,nan,nan,nan,nan
phi1-pd-lock,pd-fpga-pid,38.44005356600064,,,0,0.5016481504089855,0.0,0.5017702356244659,0.5018310546875,0.0513916015625,-0.317138671875,-4.997947940025335,0.04790247231721878,0.001730202633162282,0.04345703125,0.052734375,16384,0.0513916015625,-0.0034891292452812195,0.6935678422450983,nan,nan,nan,nan,nan,nan,nan,nan,nan,nan
phi1-pd-lock,pd-fpga-pid,38.490416852000635,,,0,0.5043340251495544,0.0,0.5049444512269564,0.503662109375,0.0513916015625,-0.317138671875,-4.997947940025335,0.051030464470386505,0.001008347547385414,0.0477294921875,0.054931640625,16384,0.0513916015625,-0.0003611370921134949,0.6935678422450983,nan,nan,nan,nan,nan,nan,nan,nan,nan,nan
phi1-pd-lock,pd-fpga-pid,38.54027388800023,,,0,0.5073861555365645,0.0,0.5075082407520449,0.5072021484375,0.0513916015625,-0.317138671875,-4.997947940025335,0.04925993084907532,0.001745244098935421,0.0439453125,0.0548095703125,16384,0.0513916015625,-0.0021316707134246826,0.6935678422450983,nan,nan,nan,nan,nan,nan,nan,nan,nan,nan
phi1-pd-lock,pd-fpga-pid,38.590643516001364,,,0,0.5064094738127213,0.0,0.5070198998901233,0.5069580078125,0.0513916015625,-0.317138671875,-4.997947940025335,0.05180417746305466,0.0011539582847215192,0.0479736328125,0.05615234375,16384,0.0513916015625,0.000412575900554657,0.6935678422450983,nan,nan,nan,nan,nan,nan,nan,nan,nan,nan
phi1-pd-lock,pd-fpga-pid,39.06820836600127,,,1,0.4833353680869247,0.0,0.48321328287144427,0.4835205078125,0.0506591796875,-0.317138671875,-4.997947940025335,0.05121580511331558,0.001516774332535262,0.0460205078125,0.055908203125,16384,0.0506591796875,0.0005566254258155823,0.6935678422450983,-0.09251263858668546,-0.000685436469832082,-0.7376562954888154,-0.6464759181155043,0.026149830315600975,-0.2730340529690008,-0.9616488924206101,-1.8474389304706131,1.5446435152934663,nan
phi1-pd-lock,pd-fpga-pid,39.092458576000354,,,0,0.4819924307166402,0.0,0.48077157856183617,0.4818115234375,0.0506591796875,-0.317138671875,-4.997947940025335,0.05296206474304199,0.0015558513095297003,0.0478515625,0.058837890625,16384,0.0506591796875,0.002302885055541992,0.6935678422450983,nan,nan,nan,nan,nan,nan,nan,nan,nan,nan
phi1-pd-lock,pd-fpga-pid,39.14220520500021,,,0,0.47796361860578684,0.0,0.47771944817482603,0.4779052734375,0.0506591796875,-0.317138671875,-4.997947940025335,0.053155578672885895,0.0015275581941796732,0.0487060546875,0.057861328125,16384,0.0506591796875,0.0024963989853858948,0.6935678422450983,nan,nan,nan,nan,nan,nan,nan,nan,nan,nan
phi1-pd-lock,pd-fpga-pid,39.193045747000724,,,0,0.4751556586497375,0.0,0.4752777438652179,0.4757080078125,0.0506591796875,-0.317138671875,-4.997947940025335,0.051736608147621155,0.001910844848789981,0.0460205078125,0.056396484375,16384,0.0506591796875,0.0010774284601211548,0.6935678422450983,nan,nan,nan,nan,nan,nan,nan,nan,nan,nan
phi1-pd-lock,pd-fpga-pid,39.242699441001605,,,0,0.47393480649493347,0.0,0.47369063606397266,0.4744873046875,0.0506591796875,-0.317138671875,-4.997947940025335,0.050685472786426544,0.0026055937196092353,0.04541015625,0.0577392578125,16384,0.0506591796875,2.629309892654419e-05,0.6935678422450983,nan,nan,nan,nan,nan,nan,nan,nan,nan,nan
phi1-pd-lock,pd-fpga-pid,39.294043387000784,,,0,0.48040532291539495,0.0,0.48052740813087536,0.4796142578125,0.0506591796875,-0.317138671875,-4.997947940025335,0.04788868874311447,0.0018315844662080691,0.0423583984375,0.05224609375,16384,0.0506591796875,-0.0027704909443855286,0.6935678422450983,nan,nan,nan,nan,nan,nan,nan,nan,nan,nan
phi1-pd-lock,pd-fpga-pid,39.34282243100097,,,0,0.48223660114760103,0.0,0.48223660114760103,0.482177734375,0.0506591796875,-0.317138671875,-4.997947940025335,0.050037674605846405,0.001799621141860832,0.0447998046875,0.055419921875,16384,0.0506591796875,-0.000621505081653595,0.6935678422450983,nan,nan,nan,nan,nan,nan,nan,nan,nan,nan
phi1-pd-lock,pd-fpga-pid,39.392932111000846,,,0,0.48248077157856184,0.0,0.48272494200952265,0.4830322265625,0.0506591796875,-0.317138671875,-4.997947940025335,0.050613678991794586,0.001664686165835793,0.046142578125,0.055419921875,16384,0.0506591796875,-4.550069570541382e-05,0.6935678422450983,nan,nan,nan,nan,nan,nan,nan,nan,nan,nan
phi1-pd-lock,pd-fpga-pid,39.44273490500018,,,0,0.48309119765596387,0.0,0.48248077157856184,0.483642578125,0.0506591796875,-0.317138671875,-4.997947940025335,0.04981245845556259,0.0011236722431119293,0.046142578125,0.0540771484375,16384,0.0506591796875,-0.0008467212319374084,0.6935678422450983,nan,nan,nan,nan,nan,nan,nan,nan,nan,nan
phi1-pd-lock,pd-fpga-pid,39.49333614800162,,,0,0.4817482602856794,0.0,0.4821145159321206,0.4815673828125,0.0506591796875,-0.317138671875,-4.997947940025335,0.05375784635543823,0.0017941152761670152,0.049072265625,0.05908203125,16384,0.0506591796875,0.0030986666679382324,0.6935678422450983,nan,nan,nan,nan,nan,nan,nan,nan,nan,nan
phi1-pd-lock,pd-fpga-pid,39.54312733000006,,,0,0.4794286411915517,0.0,0.4796728116225125,0.4803466796875,0.0506591796875,-0.317138671875,-4.997947940025335,0.051522523164749146,0.0014536298792263438,0.0477294921875,0.0562744140625,16384,0.0506591796875,0.0008633434772491455,0.6935678422450983,nan,nan,nan,nan,nan,nan,nan,nan,nan,nan
phi1-pd-lock,pd-fpga-pid,39.593331428000965,,,0,0.48064949334635576,0.0,0.481015748992797,0.4813232421875,0.0506591796875,-0.317138671875,-4.997947940025335,0.049634553492069244,0.0011234166048767285,0.04541015625,0.0535888671875,16384,0.0506591796875,-0.0010246261954307556,0.6935678422450983,nan,nan,nan,nan,nan,nan,nan,nan,nan,nan
phi1-pd-lock,pd-fpga-pid,39.64348335700015,,,0,0.48687583933585643,0.0,0.48736418019777805,0.4862060546875,0.0506591796875,-0.317138671875,-4.997947940025335,0.04775943607091904,0.0017014531082998163,0.0428466796875,0.05322265625,16384,0.0506591796875,-0.002899743616580963,0.6935678422450983,nan,nan,nan,nan,nan,nan,nan,nan,nan,nan
phi1-pd-lock,pd-fpga-pid,39.693399965000935,,,0,0.486753754120376,0.0,0.48760835062873886,0.4866943359375,0.0506591796875,-0.317138671875,-4.997947940025335,0.05090588331222534,0.0020529364878881353,0.04541015625,0.0565185546875,16384,0.0506591796875,0.0002467036247253418,0.6935678422450983,nan,nan,nan,nan,nan,nan,nan,nan,nan,nan
phi1-pd-lock,pd-fpga-pid,39.74326228100108,,,0,0.48455622024172873,0.0,0.4834574533024051,0.485107421875,0.0506591796875,-0.317138671875,-4.997947940025335,0.05213383585214615,0.0020254926990231205,0.0462646484375,0.0577392578125,16384,0.0506591796875,0.0014746561646461487,0.6935678422450983,nan,nan,nan,nan,nan,nan,nan,nan,nan,nan
phi1-pd-lock,pd-fpga-pid,39.79345211200052,,,0,0.4813820046392382,0.0,0.4818703455011598,0.482177734375,0.0506591796875,-0.317138671875,-4.997947940025335,0.052821457386016846,0.0017365574037217812,0.0487060546875,0.0579833984375,16384,0.0506591796875,0.0021622776985168457,0.6935678422450983,nan,nan,nan,nan,nan,nan,nan,nan,nan,nan
phi1-pd-lock,pd-fpga-pid,39.844126612000764,,,0,0.4751556586497375,0.0,0.47576608472713955,0.47705078125,0.0506591796875,-0.317138671875,-4.997947940025335,0.054292961955070496,0.0012216801474992786,0.050537109375,0.0582275390625,16384,0.0506591796875,0.0036337822675704956,0.6935678422450983,nan,nan,nan,nan,nan,nan,nan,nan,nan,nan
phi1-pd-lock,pd-fpga-pid,39.893786889000694,,,0,0.46844097179831523,0.0,0.46844097179831523,0.469482421875,0.0506591796875,-0.317138671875,-4.997947940025335,0.0563470795750618,0.0018488804243389349,0.0518798828125,0.0615234375,16384,0.0506591796875,0.005687899887561798,0.6935678422450983,nan,nan,nan,nan,nan,nan,nan,nan,nan,nan
phi1-pd-lock,pd-fpga-pid,39.943792875001236,,,0,0.46148211451593213,0.0,0.4606275180075693,0.46240234375,0.0506591796875,-0.317138671875,-4.997947940025335,0.05549485236406326,0.001245589094542014,0.0518798828125,0.0596923828125,16384,0.0506591796875,0.004835672676563263,0.6935678422450983,nan,nan,nan,nan,nan,nan,nan,nan,nan,nan
phi1-pd-lock,pd-fpga-pid,39.993951737000316,,,0,0.4589183249908436,0.0,0.45940666585276524,0.459716796875,0.0506591796875,-0.317138671875,-4.997947940025335,0.051970988512039185,0.0011101579228038414,0.04833984375,0.05615234375,16384,0.0506591796875,0.0013118088245391846,0.6935678422450983,nan,nan,nan,nan,nan,nan,nan,nan,nan,nan
phi1-pd-lock,pd-fpga-pid,40.043939719000264,,,0,0.4627029666707362,0.0,0.46184837016237335,0.4617919921875,0.0506591796875,-0.317138671875,-4.997947940025335,0.04859013855457306,0.0023645501001517163,0.0438232421875,0.0545654296875,16384,0.0506591796875,-0.002069041132926941,0.6935678422450983,nan,nan,nan,nan,nan,nan,nan,nan,nan,nan
phi1-pd-lock,pd-fpga-pid,40.093721864001054,,,0,0.4625808814552558,0.0,0.4631913075326578,0.463134765625,0.0506591796875,-0.317138671875,-4.997947940025335,0.05098498612642288,0.001789666355798872,0.0452880859375,0.0555419921875,16384,0.0506591796875,0.0003258064389228821,0.6935678422450983,nan,nan,nan,nan,nan,nan,nan,nan,nan,nan
phi1-pd-lock,pd-fpga-pid,40.14380565600004,,,0,0.45684287632767673,0.0,0.4561103650347943,0.4588623046875,0.0506591796875,-0.317138671875,-4.997947940025335,0.05428842455148697,0.0014871331513134276,0.050048828125,0.0596923828125,16384,0.0506591796875,0.003629244863986969,0.6935678422450983,nan,nan,nan,nan,nan,nan,nan,nan,nan,nan
phi1-pd-lock,pd-fpga-pid,40.19490475300154,,,0,0.4517152972774997,0.0,0.4512269564155781,0.451904296875,0.0506591796875,-0.317138671875,-4.997947940025335,0.05440419912338257,0.001055054284483672,0.05126953125,0.0582275390625,16384,0.0506591796875,0.0037450194358825684,0.6935678422450983,nan,nan,nan,nan,nan,nan,nan,nan,nan,nan
phi1-pd-lock,pd-fpga-pid,40.245431886000006,,,0,0.4486631668904896,0.0,0.44805274081308755,0.448486328125,0.0506591796875,-0.317138671875,-4.997947940025335,0.053076811134815216,0.0020969482104452627,0.0479736328125,0.0592041015625,16384,0.0506591796875,0.002417631447315216,0.6935678422450983,nan,nan,nan,nan,nan,nan,nan,nan,nan,nan
phi1-pd-lock,pd-fpga-pid,40.29387241400036,,,0,0.44805274081308755,0.0,0.4475643999511659,0.447998046875,0.0506591796875,-0.317138671875,-4.997947940025335,0.050220929086208344,0.0019475558652532294,0.045654296875,0.056884765625,16384,0.0506591796875,-0.0004382506012916565,0.6935678422450983,nan,nan,nan,nan,nan,nan,nan,nan,nan,nan
phi1-pd-lock,pd-fpga-pid,40.3440359160013,,,0,0.4535465755097058,0.0,0.4537907459406666,0.4525146484375,0.0506591796875,-0.317138671875,-4.997947940025335,0.04668883979320526,0.0018529069178377384,0.0408935546875,0.052001953125,16384,0.0506591796875,-0.003970339894294739,0.6935678422450983,nan,nan,nan,nan,nan,nan,nan,nan,nan,nan
phi1-pd-lock,pd-fpga-pid,40.394137230001434,,,0,0.4589183249908436,0.0,0.45965083628372605,0.4581298828125,0.0506591796875,-0.317138671875,-4.997947940025335,0.047016024589538574,0.0018908278676075829,0.04052734375,0.0531005859375,16384,0.0506591796875,-0.0036431550979614258,0.6935678422450983,nan,nan,nan,nan,nan,nan,nan,nan,nan,nan
phi1-pd-lock,pd-fpga-pid,40.44492901000012,,,0,0.4705164204614821,0.0,0.4705164204614821,0.467529296875,0.0506591796875,-0.317138671875,-4.997947940025335,0.04434620589017868,0.0016395462861638647,0.0408935546875,0.050048828125,16384,0.0506591796875,-0.00631297379732132,0.6935678422450983,nan,nan,nan,nan,nan,nan,nan,nan,nan,nan
phi1-pd-lock,pd-fpga-pid,40.494228269000814,,,0,0.47991698205347333,0.0,0.4795507264070321,0.4771728515625,0.0506591796875,-0.317138671875,-4.997947940025335,0.044350139796733856,0.0021412397692470928,0.0391845703125,0.050537109375,16384,0.0506591796875,-0.006309039890766144,0.6935678422450983,nan,nan,nan,nan,nan,nan,nan,nan,nan,nan
